9999
9999
9975
9999
3727
9996
9985
9999
9999
9999
9985
9999
9976
9999
9999
9999
9999
9997
9999
9439
9998
9998
9845
9945
9976
9769
8344
9998
9998
9996
9998
9997
9999
9999
9999
9997
9999
9999
9991
9997
9999
9999
9996
9999
9999
9997
9996
9999
9974
9999
9991
9999
9995
9991
9990
9970
9995
9445
9997
9999
9997
9999
9899
9999
9999
9996
9996
9999
9999
9999
9869
9999
9999
9999
9999
9999
9999
9976
9988
9999
9999
9996
9999
9999
9999
9999
9997
9997
9999
9986
9999
9998
9999
9923
9999
9999
9991
9998
9999
9984
9999
9999
9999
9999
9992
9997
9999
9987
9996
9999
9999
9996
9999
9999
9999
9996
9999
9996
9999
9999
9999
9992
9999
9999
9999
9999
9996
9996
9999
9999
9999
9917
9999
9999
9999
9999
9991
9999
9987
9999
9999
9997
9999
9786
9975
9998
9999
9999
9991
9999
9999
9992
9999
9999
9999
9999
9996
9957
9999
9986
9999
9975
9999
9996
9999
9997
9999
9999
9999
9996
9991
9938
9999
9999
9999
9999
9998
9999
9999
9998
9999
9998
9999
9998
9985
9998
9983
9947
9999
9999
9988
9999
9999
9999
9965
9999
9999
9999
9999
9392
9998
9999
9999
9999
9999
9999
9992
9999
9996
9659
9999
9995
9996
9996
9999
9877
9988
9999
9996
9999
9999
9999
9999
9999
9989
9991
9999
9991
9999
9976
9991
9999
9999
9996
9996
9973
9999
9999
9999
9996
9996
9445
9999
9903
9999
9999
9983
9999
9934
9996
9999
9999
9996
9434
9999
9999
9978
9845
9985
9999
9985
9996
9979
9999
9999
9985
9914
9999
9963
9963
9999
9963
9999
9999
9999
9999
9996
9991
9999
9962
9999
9992
7418
9915
9999
9993
9999
9974
9999
9991
9999
9963
9999
9996
9999
9972
9999
9999
9999
9999
9999
9987
9992
4156
9999
9972
9999
9999
9999
9996
9917
9963
9999
9999
9998
9995
9999
9999
9781
9781
9877
9996
9998
9891
9977
9999
9999
9997
9988
9999
9983
9999
9999
9999
9999
9988
9999
9999
9997
9999
9997
9999
9945
9979
9990
9999
9999
9973
9983
9998
9999
9998
9999
9999
9999
9999
9972
9923
9999
9999
9999
9999
9987
9999
9985
9999
9903
9999
9997
9945
9993
9990
9998
9999
9999
9921
9999
9993
9996
9999
9999
9999
9620
9987
9999
9999
9990
9999
9999
9978
9991
9999
9999
9926
9999
9999
9892
9999
9999
9999
9999
9987
9991
9999
9999
9999
9999
9996
9999
9987
9975
9997
9998
9999
9990
9999
9999
9903
9999
9999
9983
9999
9999
9991
9999
9999
9923
9999
9987
9999
9999
9999
9999
9999
9957
9999
9995
9995
9997
9979
9877
9902
9999
9999
9999
9907
9999
9999
9999
9902
9998
9999
9999
9991
9999
9999
9802
9999
9999
9997
9999
9999
9333
9999
9925
9979
9999
9999
9999
9999
9999
9999
9996
9996
9999
9770
9999
9999
9556
9973
9999
9999
9999
9999
9999
9996
9943
9999
9996
9999
9999
9972
9293
9996
9999
2880
9999
9987
9991
9999
9999
9999
9987
9984
9999
9921
9983
9983
9987
9999
9997
9997
9999
9999
9999
9999
9976
9999
9945
9999
9995
9998
9938
9985
9995
4075
9999
9999
9998
9996
9999
9999
9999
9979
9999
9999
9999
9995
9996
9999
9996
9999
9987
9999
9971
9979
9999
9873
9999
9999
7697
9987
9947
9999
9999
9987
9996
9999
9999
9999
9999
9998
9985
9999
9999
9971
9980
9999
9999
9999
9999
9979
9995
9999
9977
9999
9056
9961
9961
9999
9999
9999
9999
9997
9959
9997
9997
9963
9996
9999
9963
9999
9987
8790
9939
9999
9999
9999
9999
9989
9999
9996
9996
9999
9943
9999
9983
9961
9999
9999
9999
9999
9999
9999
9999
9999
9995
9999
9963
9995
9999
9999
9993
9991
9999
9969
9999
9999
9997
9991
9997
9999
9995
9978
9995
9999
9997
9998
9999
9716
9999
9999
9988
9997
9999
9670
9999
9993
9996
9999
9999
9999
9996
9943
9999
9999
9999
9945
9999
9998
7726
9985
9985
9988
9999
9999
9999
9999
9987
9999
9999
9999
9988
9999
9985
9971
9999
9956
9999
9991
9999
9999
9999
9985
9999
9999
9999
9996
9999
9999
9999
9999
9987
9998
9999
9945
9999
9999
9999
9996
9999
9999
9996
9985
9999
9998
9999
9999
9999
9999
9987
9987
9932
9999
9966
9830
9987
9999
9971
9999
9976
9974
9999
9985
9999
9999
9996
9971
7954
9999
9996
9999
9999
9997
9999
9999
9999
9999
9925
9999
9999
9999
9976
9995
6317
9985
9999
9925
9999
9999
9999
9999
9999
9943
9999
9999
9999
9999
9989
9999
9999
9999
9995
9999
9999
9999
9999
9999
9999
9999
9931
9999
9977
9997
9999
9997
9999
9997
9999
9997
9983
9999
9998
9999
9999
9999
9987
9999
9983
9984
9983
9996
9999
9999
9999
9999
9998
9999
9943
9999
9999
9987
9999
9999
9990
9999
9999
9995
9999
9986
9999
9996
9999
9999
9999
9999
9996
9999
9999
9999
9999
9999
9987
9999
9991
9999
9999
9976
9999
9999
9405
9972
9999
9943
9999
9818
9991
9991
9991
9984
9999
9897
9999
9996
9999
9999
9999
9903
9999
9999
9999
9979
9999
9921
9997
9988
6841
9999
9999
9999
9988
9999
9999
9849
9999
9999
9999
9765
9985
9999
9999
9999
9998
9963
9991
9991
9999
9999
9997
9999
9912
9999
9832
9915
9999
9999
9999
9999
9999
9921
9976
9999
9999
9999
9839
9999
9999
9999
9999
9995
9999
9999
9999
9999
9995
9516
9983
9967
9999
9999
9990
9945
9999
9925
9951
9999
9996
9995
9998
9999
9985
9999
9953
9990
9593
9999
9999
9865
9999
9992
9957
9999
9999
9999
9999
9999
9999
9999
9999
9978
9976
9999
9999
9983
9997
9999
9999
9811
9999
9999
9999
9999
9999
9999
9999
9996
9999
9998
9999
9998
9999
9998
9999
9983
9997
9999
9999
9991
9779
9999
9999
9999
9996
9996
9915
9998
9999
9997
9999
9999
9998
9988
9998
9999
9999
9999
9999
9881
9997
9977
9999
9987
9999
9833
9977
9999
9998
9999
9999
9945
9999
9999
9999
9992
9989
9999
9992
9999
9999
9999
9999
9999
9999
9996
9999
9929
9987
9999
9991
9485
9999
9999
9945
9999
9999
9999
9999
9999
9999
9887
9997
9999
9999
9999
9999
9999
9986
9902
9999
9999
9999
9999
9999
9964
9999
9972
9999
9999
9999
9957
9999
9999
9464
9987
9962
9867
9991
9947
9997
9999
9999
9991
9999
9999
9999
9999
9999
9999
9999
9983
9999
9991
9974
9976
9999
9991
9999
9999
9991
9999
9996
9996
9996
9999
9995
9999
9996
9962
9999
9999
9996
9999
9999
9999
3805
9999
9999
9986
9999
9999
9856
9999
9999
9977
9998
9999
9997
9232
9999
9189
9956
9999
9956
9999
9996
9996
9999
9977
9988
9999
9985
9943
9971
9999
9999
9988
9987
9996
9999
9999
9997
9996
9997
9999
9967
9517
9999
9999
9992
9986
9999
9997
9999
9999
9999
9999
9951
9999
9999
9969
9999
9999
9999
9999
9996
9996
9999
9999
9999
9999
9969
9951
9999
9999
9996
9999
9999
9999
9999
9999
9999
9999
9986
9999
9973
9974
9999
9999
9999
9999
9799
9991
9999
9999
9999
9999
9969
9997
9991
9999
9991
9997
9999
9999
9975
9999
9999
9998
9998
9999
9997
9995
9999
9999
9999
9999
9999
9882
9999
9999
9999
9847
9999
9999
9995
9995
9999
9999
9995
9988
9999
9999
9999
9999
9999
9999
9992
9999
9995
9999
9999
9999
9999
9999
9999
9999
9963
9996
9990
9999
9999
9991
9999
9999
9999
9999
9999
9999
9999
9979
9998
9999
9988
9999
9999
9999
9988
9998
9999
9999
9999
9998
9999
9999
9999
9987
9999
9988
9999
9998
9999
9997
9898
9999
9999
9996
9993
9969
9995
9996
9996
9996
9996
9983
9999
9984
9950
9999
9999
9998
8630
9999
9998
9999
9999
9999
9999
9999
9996
9999
9945
9979
9957
9999
9996
9999
9996
9999
9990
9999
9999
9997
9999
9999
9999
9976
9999
9983
9987
9999
9993
9999
9996
9999
9999
9999
3549
9999
9637
9999
9996
9999
9999
9997
9999
9999
9977
9991
9954
9999
9999
9999
9987
9999
9999
9999
9999
9991
9999
9894
9999
9989
9999
9999
9996
9997
9999
9195
9999
9999
9986
9997
9999
9998
9965
9999
9999
9999
9999
9925
9999
9999
9999
9815
9999
9998
9999
9987
9995
9832
9999
9999
9991
9999
9999
9992
9999
9999
9999
9999
9996
9999
9999
9999
9996
9966
9999
9999
9996
9963
9976
9998
9999
9999
9943
9999
9999
9991
9996
9997
9992
9999
9985
9991
9999
9984
9996
9999
9836
9999
9999
9999
9999
9943
9997
9995
9999
9997
9999
9999
9999
9984
9999
9990
9972
9997
9381
9999
9999
9976
9991
9999
9999
9999
9999
9999
9999
9976
9997
9999
9992
9999
9996
9999
9947
9984
9999
9991
9999
9999
9999
9769
9999
9999
9999
9999
9986
9999
9999
9999
9996
9999
9999
9986
9999
9999
9999
9996
9997
9999
9998
9999
9999
9999
9999
9998
9578
9999
9996
9999
9973
9999
9945
9999
9943
9999
9999
9999
9999
9999
9947
9999
9986
9983
9964
9943
9999
9997
9997
9999
9983
9995
9983
9998
9878
9878
9997
9999
9997
9996
9999
9996
9999
9999
9999
9986
9999
9998
8943
9987
9999
9855
9995
9999
9999
9999
9936
9999
9999
9999
9999
9999
9999
9999
8804
9999
9987
9999
9287
9997
9999
9999
9999
9999
9999
9999
9999
9996
9976
9999
9996
9999
9997
9999
9999
9999
9999
9999
9999
9999
9999
9957
9999
9999
9999
9999
9987
9999
8676
9999
9999
9999
9979
9999
9993
9993
9999
9989
9988
9999
9999
9999
9959
9999
9999
9996
9919
9996
9996
9999
9999
9999
9999
9999
9999
9999
9999
9977
8630
9997
9999
9999
9999
9999
9976
9999
9998
9935
9999
9999
9999
9972
9999
9738
9996
9999
9983
9765
9999
9999
9999
9999
9999
9738
9999
9997
9999
9999
9986
9999
9998
9999
9975
9999
9999
9977
9999
9882
9962
9999
9999
9999
9999
9891
9999
9996
9921
9996
9998
9987
9921
9999
9987
9999
9996
9999
9977
9999
9999
9999
9969
9969
9999
9999
9999
9999
9943
9999
9894
9979
9999
9979
9999
9999
9999
9999
9999
9999
9963
9999
9996
9999
9999
9969
9992
9993
9979
9999
9999
9999
9957
9865
9999
9999
9999
9996
9999
9999
9999
9999
9999
9999
9999
9989
9951
9997
9976
9943
9973
9999
9999
9999
9999
9925
9999
9999
9985
9997
9918
9999
9405
9991
9997
9999
9999
9999
9992
9987
9992
9917
9999
9999
9945
9992
9999
9999
9999
9999
9997
9999
9997
9997
9999
9999
9779
9999
9999
9976
9976
9999
9976
9999
9999
9999
9999
9984
9999
9999
9997
9895
9999
9993
9999
9979
9999
9999
9999
9999
9865
9616
9999
9998
9992
9999
9986
9997
9991
9988
9999
9988
9903
9999
9996
9999
9992
9999
9999
9999
9999
9999
9991
9999
9986
9999
9977
9999
9996
9876
9996
9999
9999
9999
9709
9999
9226
9802
9999
9999
9996
9996
9999
9999
9943
9478
9998
9999
9996
9999
9999
9998
9943
9999
9999
9996
9996
9969
9986
9999
9999
9999
9996
9999
9999
9999
9999
9997
9999
9971
9792
9971
9990
9989
9999
9999
9999
9779
9987
9999
9999
9999
9999
9997
9979
9185
9999
9444
9999
9999
9999
9987
9999
9999
9999
9999
9999
9999
9999
9999
9941
9856
9999
9999
9938
9999
9969
9999
9999
9999
9991
9999
9999
9999
9999
9999
9999
9996
9999
9999
9999
9996
9999
9999
9996
9985
9996
9999
9996
9997
9986
9999
9987
9987
9999
9999
9999
9939
9999
9999
9977
9999
9997
9999
9997
9991
9999
9999
9999
9902
9999
9999
9999
9999
9998
9999
9999
9999
9999
9996
9999
9597
9999
9999
9825
9999
9417
9986
9996
7650
9999
9999
9999
9992
9999
9945
9945
9988
9331
9779
9998
9990
9999
9962
9998
9983
9974
9990
9999
9990
9991
9999
9984
9999
9991
9999
9779
9987
9997
9996
9999
9999
9997
9825
9977
9999
9999
9999
9999
9998
6317
9997
9735
9999
9999
9977
9988
9999
9999
9988
9999
9977
9999
9999
9982
9921
9999
9957
9997
9974
9999
9998
9999
9999
9998
9999
9974
9999
9987
9999
9999
9999
9999
9999
9999
9979
9996
9999
9999
9999
9991
9999
9996
9999
9999
9999
9943
9976
9999
9999
9977
9999
9999
9999
9999
9989
9999
9985
9988
9999
9996
9999
9977
9991
9999
9972
9999
9999
9997
9939
9997
9999
9984
9999
9999
9999
9997
9996
9999
9999
9999
9999
9996
9996
9900
9989
9999
9996
9902
9999
9925
9999
9999
9998
9984
9999
9999
9999
9999
9999
9999
9999
9999
9958
9977
9945
9972
9999
9992
9999
9943
9991
9995
9988
9999
9996
9999
9999
9976
9996
9991
9999
9999
9995
9933
9943
9999
9999
9996
9987
9999
9977
9996
9982
9996
9996
9996
9999
9987
9999
9999
9997
9997
9997
9995
9999
9999
9995
9986
9998
9999
9998
9999
9976
9999
9999
9999
9999
9991
9999
9991
9995
9999
9995
9996
9999
9999
9945
9999
9991
9945
9985
9983
9997
9999
9997
9999
9997
9999
9996
9996
9997
9970
9999
9999
9999
9441
9999
9999
9987
9976
9999
9987
9999
9999
9999
9999
9999
9984
9921
9999
9999
9996
9836
9995
9999
9999
9995
9992
9999
9999
9999
9903
9999
9999
9999
9999
9992
9996
9999
9999
9999
9999
9996
9963
9976
9999
9992
9999
9999
9998
9983
9998
9999
9998
9999
9999
9984
9980
9999
9999
9996
9999
9996
9999
9999
6317
9999
9981
9999
9999
9979
9999
9996
9987
9999
9977
9999
9991
9999
9999
9856
9999
9999
9996
9999
9951
9996
9999
9999
9979
9999
9988
9999
9991
9999
9996
9979
9985
9951
9999
9993
9921
9996
9961
3602
9999
9999
9999
9954
9999
9999
9999
9999
9674
9987
9913
9717
9995
9962
9999
9992
9947
9999
9999
9996
9999
9444
9999
9925
9999
9999
9946
9999
9999
9991
9847
9988
9999
9999
9985
9996
9999
9999
9997
9999
9999
9999
9998
9998
9999
9998
9999
9999
9999
9988
9999
9827
9999
9988
9999
9999
9999
9999
9999
9999
9945
9999
9999
9995
9882
9988
9959
9999
9999
9999
9919
9999
9999
9925
9999
9988
9999
9960
9916
9999
9995
9999
9991
9999
9860
9999
9999
9999
9999
9988
9989
9999
9996
9999
9997
9999
9999
9999
9999
9996
9996
9999
9999
9991
9999
9987
9999
9991
8627
9999
9977
9999
9999
9998
9977
9999
9969
9993
9996
9999
9947
9999
9969
9991
9957
9999
9996
9999
9999
9999
9990
9996
9899
9987
9996
9999
9999
9825
9999
9992
9999
9971
9999
9999
9830
9995
9999
9996
9999
9999
9999
9999
9979
9998
9999
9999
9999
9999
8736
9999
9999
9999
9999
9999
9999
9999
9999
9997
9999
9969
9999
9837
9999
9999
9999
9986
9999
9999
9996
9999
9996
9999
9991
9999
9999
9849
9999
9998
9999
9999
9999
9999
9999
9992
9887
9993
9999
9996
9999
9976
9997
9999
9996
9991
9996
9999
9999
9999
9999
9999
9993
9999
9999
9996
9999
9999
9999
9999
9999
9999
9985
9985
9999
9977
9996
9999
9999
9999
9987
9988
9991
9998
9991
9999
9999
9998
9983
9993
9999
9999
9664
9999
9999
9999
9999
9999
9976
9999
9999
9993
9945
9999
9999
9999
9999
9999
9999
9970
9999
9999
9999
9999
9899
9999
9996
9999
9999
9999
9897
9999
9991
9999
9853
9943
9998
9717
9999
9999
9999
9354
9957
9976
9999
9953
9999
8577
9996
9996
9999
9999
9998
9999
9999
9999
9999
9984
9982
9999
9999
9718
9999
9891
9999
9999
9999
9977
9996
9999
9999
9992
9999
9998
9999
9999
9999
9968
9999
9999
9992
9999
9999
9999
9999
9987
9969
9999
9999
9790
9945
9999
9999
9999
9781
9991
9993
9992
9990
9968
9999
9962
9998
9987
9999
9999
9999
9999
9996
9999
9996
9986
9999
9999
9996
9983
9999
9998
9999
9999
9989
9938
9999
9999
9996
9999
9999
9999
9996
9999
9999
9996
9999
9963
9999
9999
9779
9999
9987
9996
9963
9999
9915
9999
9999
9999
9954
9963
9999
9995
9990
9999
9993
9999
9998
9999
9999
9992
9999
9999
9962
9988
9999
9999
9219
9985
9999
9999
9999
9997
9997
9943
9997
9999
9997
9999
9999
9999
9999
9999
9999
9999
9999
9975
9999
9844
9990
9996
9991
9999
9999
9999
9999
9991
9999
9999
9999
9890
9999
9996
9991
9953
9996
9955
9912
9996
9856
9999
9999
9999
9999
9991
9983
9998
9992
9999
9999
9997
9999
9999
9999
9742
9984
9987
9999
9999
9990
9996
9991
9863
9980
9991
9999
9999
9999
9999
9999
9998
9804
9999
9996
9996
9999
9995
9999
9984
9999
9999
9955
9999
9999
9999
9999
9999
9999
9999
9999
9996
9910
9986
9999
9995
9226
9998
9998
9987
9999
9936
9988
9988
9999
9999
9997
9999
9813
9997
9992
9999
9999
9996
9866
9996
9939
9999
9999
9999
9999
9997
9999
9999
9991
9999
9890
9999
9953
9999
9976
9779
9998
9999
9890
9997
9995
9999
9999
9834
9903
9999
9760
9991
9999
9996
9986
9997
9999
9999
9999
9997
9903
9999
9999
9999
9992
9999
9999
9987
9975
7731
9999
9856
9999
9945
9997
9999
9776
9995
9983
9999
9998
9999
9945
9995
9999
9945
9977
9987
9995
9996
9999
9997
9992
9976
9999
9985
9997
9997
9902
9999
9954
9997
9999
9925
9991
9996
9999
9999
9999
9684
9991
9999
9939
9999
9987
9999
9991
9999
9999
9999
9179
9933
9999
9645
9999
9999
9984
9999
9999
9998
9999
9997
9999
9999
9999
9888
9993
9999
9951
9999
9999
9995
9995
9963
9999
9982
9999
9832
9999
9998
9845
9999
9998
9997
9997
9999
9984
9999
9999
9986
9999
9996
9996
9986
9993
9996
9996
9986
9999
9999
9993
9804
9984
9999
9991
9999
9999
9997
9999
9973
9999
9999
9999
9999
9996
9972
9996
9979
9999
9903
9999
9996
9999
9999
9999
9987
9999
9999
9997
9999
9999
9995
9999
9968
9971
9998
9999
9999
9999
9999
9999
9999
9999
9987
9999
9999
9999
9997
9945
9999
8931
9983
9999
9969
9979
9999
9987
9970
9992
9999
9925
9979
9992
9999
9999
9999
9963
9963
9999
9999
9999
9999
9999
9999
9999
9999
9999
9999
9999
9976
9717
9999
9985
9999
9999
9717
9999
9999
9991
9990
9999
9999
9990
9991
9999
9999
9999
9999
9999
9999
9992
9991
9999
9999
9999
9999
9999
9999
9986
9991
9969
9945
9986
9999
9999
9954
9941
9987
9999
9999
9993
9999
9674
9999
9999
9999
9997
9977
9999
9924
9996
9992
9999
9999
9999
9957
9999
9999
9999
9936
9999
9936
9999
9982
9999
9992
9999
9999
9999
9953
9996
9895
9844
9999
9963
7810
9999
6435
9235
9963
9999
9977
9997
9999
9996
9993
9996
9993
9999
9989
9997
9999
9995
9999
9996
9877
9999
9999
9999
9999
9992
9999
9963
9962
9999
9999
9999
9997
9999
9999
9999
9999
9996
9996
9996
9975
9999
9999
9987
9999
9999
9999
9999
9997
9999
9996
9997
9999
9987
9999
9957
9996
9999
9999
9997
9999
9997
9997
9999
9999
9999
9991
9999
9999
9999
9993
9999
9999
9872
9999
9986
9969
9986
9943
9999
9999
9919
9974
9999
9999
9996
9938
9999
9986
9999
9986
9993
9999
9999
9996
9999
9999
9881
9999
9987
9921
9862
9999
9999
9999
9999
9997
9999
9997
9999
9917
9999
9989
9986
9999
9999
9999
9945
9999
9977
9999
9977
9999
9999
9999
9999
9999
9999
9967
9996
9999
9999
9999
9999
9999
9999
9999
9999
9992
9996
9999
9993
9996
9999
9999
9947
9999
9993
9995
9987
9999
9967
9953
9998
9999
9999
9953
9860
9996
9999
9999
9999
9999
9999
9979
9995
9996
9995
9999
9999
9999
9991
9999
9987
9999
9901
9987
9999
9999
9998
9974
9999
9999
9999
9999
9999
9979
9983
9982
9999
9999
9993
9999
9999
9999
9845
9971
9999
9999
9999
9997
9999
9999
9997
9969
9999
9974
9999
9999
9999
9953
9983
9519
9999
9999
9997
9999
9999
9999
9999
9999
9999
9999
9999
9999
9999
9927
9977
9988
9999
9999
9941
9999
9999
9995
9999
9999
9999
9999
9999
9999
9996
9999
9999
9999
9996
9996
9999
9966
9996
9635
9991
9999
9999
9999
9999
9971
9934
9999
9887
9999
9999
9999
9999
9987
9987
9999
9915
9999
9996
9951
9999
9996
9992
9999
9613
9996
9902
9975
9999
9997
9986
9986
9986
9999
9999
9991
9999
9972
9910
9999
9999
9987
9999
9993
9993
9971
9999
9992
9985
9999
9999
9971
9999
9999
9996
9986
9997
9995
9999
9999
9915
9987
9921
9999
9945
9999
9999
9999
9946
9996
9999
9996
9997
9999
9999
9996
9997
7982
9999
9856
9999
9997
9945
9977
9999
9999
9999
9987
9999
9986
9991
9999
9989
9976
9999
9990
9999
9999
9999
9996
9999
9962
9999
9996
9999
9999
9925
9991
9996
9999
9996
9991
9999
9999
9999
9999
9917
9962
9976
9999
9999
9998
9999
9756
9997
9993
9943
9999
9999
9895
9999
9995
9999
9999
9999
9594
9984
9718
9999
9997
9999
9999
9947
9708
9999
9986
9999
9987
9999
9992
9999
9999
9996
9999
9999
9889
9999
9999
9999
9999
9997
9999
9998
9983
9998
9999
9999
9965
9998
9925
9999
9999
9999
9962
9998
9999
9999
9999
9999
9987
9999
9999
9999
9985
9778
9999
9999
9983
9999
9999
9998
9999
9999
9950
9999
9999
9996
9999
9997
9997
9997
9999
9925
9999
9999
9999
9999
9999
9991
9972
9991
9999
9997
9999
9991
9999
9974
9999
9997
9999
9974
9996
9999
9974
9999
9997
9999
9915
9999
9999
9999
9999
9649
9999
9999
9677
9976
9993
9999
9962
9996
9853
9999
9799
9996
9996
9999
9999
9999
9999
9999
9996
9983
9997
9999
9999
9878
9945
9999
9964
9999
9991
9999
9957
9991
9987
8844
9999
9999
9982
9945
9954
9945
9999
9998
9999
9999
9999
9996
9999
9973
9508
9999
9997
9999
9966
9999
9996
8844
9997
9982
9996
9999
9999
9999
9984
9996
9995
1763
9996
9943
9966
9995
9992
9995
9993
9999
9999
9993
9999
9985
9986
9992
9996
9999
9986
9993
9999
9997
9999
9999
9999
9999
9997
9991
9999
9731
9999
9984
9986
9999
9991
9969
9996
9999
9999
9999
9999
9999
9999
9999
9999
9999
9999
9999
9998
9987
9962
9999
9999
9902
9999
9999
9999
9999
9999
9997
9996
9999
9848
9999
9999
9996
9999
9999
9982
9996
9991
9999
9996
9999
9999
9999
9996
9999
9999
9999
9950
9999
9999
9999
9976
9995
9999
9989
9996
9996
9999
9999
9999
9997
9999
9895
9999
9991
6278
9999
9943
9709
9999
9993
9999
9999
9992
9992
9999
9999
9991
9999
9999
9999
9992
9999
9998
9992
9998
9965
9999
9945
9998
9998
9999
9999
9999
9999
9999
9995
9999
9999
9999
9996
9945
9999
9999
9999
9999
9999
9953
9999
9996
9999
9999
9999
9999
9999
9999
9999
9999
9999
9995
9856
9995
9999
9999
9999
8974
9999
9832
9999
9945
9945
9976
9984
9991
9999
9999
9996
9996
9999
9999
9991
9991
9991
9999
9999
9984
9999
9973
9999
9999
9999
9999
9996
9634
9992
9999
9999
9996
9999
9999
9999
9999
9999
9999
9999
9999
9999
9999
9999
9999
9938
9999
9970
9999
9999
9999
9983
9999
9999
9996
9996
9999
9991
9999
9999
9990
9999
9996
9999
9999
9999
9992
9999
9992
9876
9995
9999
9999
9999
9995
9999
9999
9999
9999
9999
9860
9140
9996
9999
9999
9996
9996
9987
9999
9940
9983
9943
9996
9986
9999
9995
9999
9986
9999
9986
9999
9999
9999
9997
9984
9999
9999
9999
9979
9999
9990
9999
9999
9999
9999
9999
9991
9999
9999
9999
9999
9859
9999
9999
9992
8541
9915
9996
8503
9999
9999
9999
9999
9999
9999
9999
9693
9999
9984
9999
9982
9999
9999
9996
9999
9996
9999
9999
9991
9996
7862
9967
9999
9999
9999
9982
9977
9986
9947
9445
9999
9996
9999
9999
9992
7997
9999
9999
9999
9987
9996
9845
9999
9920
9996
9999
9999
9999
9998
9999
9849
9987
9992
9999
9975
9999
9999
9999
9991
9996
9999
9999
9997
9992
9999
9999
9999
9996
9999
9999
9957
9999
9999
9879
9999
9354
9996
9996
9992
9992
9995
9999
9999
9997
9999
9999
9999
9999
9999
9998
9999
9999
9999
9974
9995
9935
9988
9991
9999
9984
9997
9969
9997
9997
9999
9967
9996
9997
9999
9985
9987
9999
9999
9999
9943
9996
9996
9952
9999
9996
9776
9956
9999
9776
9996
9999
9999
9999
8858
9999
9999
9986
9999
9990
9999
9999
9998
9984
9999
9999
9999
9999
9983
9894
9999
9998
9943
9999
9999
9999
9999
9998
9983
9999
9999
9999
9996
9970
9999
9999
9999
9963
9999
9999
9999
9997
9999
9999
9999
9999
9995
9999
9999
9987
9999
9997
9991
9998
9999
9998
9999
9987
9996
9999
9999
9999
9999
9991
9999
9999
9999
9999
9999
9992
9983
9991
9999
9999
9950
9993
9845
9993
9999
9993
9999
9993
9999
9999
9999
9987
9975
9999
9996
9998
9876
9993
9999
9765
9964
9987
9999
9925
9999
9999
9999
9972
9997
9964
9999
9999
9999
9991
9982
9999
9965
9999
9999
9979
9996
9999
9999
9985
9778
9999
9999
9953
9999
9999
9999
9989
9999
9962
9999
9925
9945
9982
9988
9987
9999
9824
9999
9993
9963
9999
9999
9953
9999
9999
9963
9659
9999
9998
9998
9998
9999
9999
9999
9999
9997
9997
9999
9987
9993
9860
9997
9999
9999
9997
2350
9999
9999
9999
9725
9999
9999
9163
9985
9996
9988
9999
9997
9996
9999
9999
9999
9997
9999
9999
9997
9925
9946
9999
9999
9999
9997
9776
9997
9999
9999
9997
9987
9996
9999
9997
9999
9984
9988
9999
9999
9987
9996
9999
9999
9999
9597
9987
9999
9988
9898
9999
9999
9999
9999
9999
9814
9992
9991
9520
9957
9999
9998
9988
9974
9999
9988
9965
9986
9925
9953
9999
9996
9998
9996
9999
9999
9999
9974
9999
9999
9999
9999
9999
9977
9806
9923
9999
9975
9999
9999
9997
9969
9996
9999
9997
9999
9987
9992
9991
9894
9969
9999
9999
9999
9731
9993
9995
9999
9865
9865
9986
9999
9999
9999
9999
9997
9997
9996
9982
9999
9999
9999
9999
9999
9983
9999
9996
9999
9991
9981
9999
9999
9999
9999
9999
9998
9963
9998
9999
9999
9999
9999
9998
9956
9997
9999
9999
9999
9996
9997
9999
9999
9999
9998
9999
9998
9999
9999
9938
9999
9998
9996
9992
9999
9917
9999
9999
9999
9999
9999
9996
9912
9999
9999
9731
9901
9991
9999
9999
9999
9999
9999
9993
9999
9731
9999
9999
9999
9999
9964
9999
9984
9999
9991
9991
9996
9999
9999
9999
9999
9999
9845
9986
9999
9999
9999
9999
9998
9999
9999
9999
9999
9999
9997
9999
9997
9965
9999
9999
9965
9984
9999
9878
9987
9999
9997
9986
9802
9999
9997
9999
9996
9997
9988
819
9999
9999
9925
9919
9999
9986
9999
9999
9988
9999
9987
9997
9972
9999
9795
9996
9999
9999
9996
9997
9999
9993
9731
9919
9996
9779
9999
9943
9984
9999
9990
9999
9961
9976
9999
9990
9999
9999
9999
9999
9999
9999
9999
9996
9945
9999
9999
9975
9999
9999
9996
9999
9999
9985
9825
9993
9993
9983
9999
9999
9999
9999
9999
9919
9999
9992
9999
9943
9985
9999
9998
9976
9999
9999
9999
9993
9999
9999
9976
9999
9919
9999
9998
9999
9966
9999
9999
9988
9999
9999
9971
9996
9996
9999
9990
9999
9999
9990
9992
9999
9999
9999
9996
9999
9999
9999
9999
9999
9999
9988
9999
9999
9821
9999
9943
9997
9999
9999
9999
9999
9999
9969
9999
9992
9999
9999
9999
9999
9999
9999
9996
9996
9979
9976
9999
9992
9999
9999
9999
9999
9915
9999
9999
9963
9985
9998
9999
9999
9975
9999
9999
9988
9999
9999
9996
9996
9999
9939
9997
9999
9997
9999
9999
9999
9639
9999
9999
9999
9971
9860
9999
9999
9983
9999
9999
9992
9983
9985
9998
9933
9998
9999
9712
9999
9997
9925
9999
9997
9999
9837
9999
9999
9999
9895
9997
9988
9999
9999
9979
9999
9999
9996
9999
9947
9996
9963
9984
9999
9963
9976
9999
9999
9999
9999
9999
9995
8246
9963
9974
9988
9996
9987
9999
9999
9999
9998
9999
9953
9977
9998
9998
9985
9986
9999
9999
9999
9999
9999
9999
9999
9999
9999
9964
9991
9972
9974
9997
9999
9999
9996
9999
9999
9999
9999
9997
9996
9999
9945
9163
9999
9995
9995
9999
9999
9999
9986
9999
9996
9881
9999
9919
9950
9999
9999
9999
9999
9999
9988
9992
9999
8754
9999
9597
9996
9989
9999
9996
9991
9962
9999
9999
9988
9984
9996
9999
9999
9999
9996
9995
9936
9999
9991
9997
9991
9999
9991
9999
9940
9992
9999
9999
9996
9999
9999
9999
9921
9997
9999
9992
9999
9999
9999
9999
9999
9999
9999
9999
9986
9999
9999
9999
9999
9999
9999
9999
9999
9999
9991
9999
9999
9999
9827
9987
9999
9990
9925
9995
9999
9591
9999
9999
9996
9999
9993
9999
9999
9999
9999
9921
9999
9996
9988
9999
9999
9936
9991
9987
9999
9999
9993
9990
9999
9999
9999
9999
9999
9996
9999
9999
9999
9999
9999
9999
9999
9999
9999
9999
9966
9999
9844
9999
9999
9997
9991
9999
9945
9999
9999
9991
9999
9997
9999
9984
9997
9999
9999
9999
9996
9999
9999
9999
9790
9664
9999
9999
9999
9991
9999
9999
9998
9999
9938
9999
9986
9999
9999
9999
9999
9999
9999
9745
9999
9999
9999
9983
9999
9999
9972
9987
9999
9917
9972
9921
9991
9993
9991
9998
9998
9999
9995
9998
9999
9998
9988
9986
9984
9991
9999
9998
9999
9979
9999
9996
9999
9959
9801
9717
9998
4449
9999
9975
9974
9996
9999
9987
9997
9999
9999
9999
9999
9999
9998
9999
9996
9999
9985
9996
9987
9996
9999
9999
9999
9999
9999
9987
9980
9999
9999
9999
9996
9997
9999
9999
9965
9999
9939
9996
9999
9999
9996
9996
9999
9999
9999
9996
9999
9999
9976
9923
9999
9999
9999
9999
9999
9999
9043
9993
9996
9999
9999
9985
9997
9987
9999
9999
9999
9983
9953
9999
9999
9999
9953
6445
9999
9999
9973
9999
9983
9999
