1542
1012 2222
622 2222
1112 1113
1112 1114
1113 1112
1112 1115
1114 1113
1113 1112
1112 1116
1115 1114
1114 1113
1113 1112
1112 1117
1116 1115
1115 1114
1114 1113
1113 1112
1112 1118
1117 1116
1116 1115
1115 1114
1114 1113
1113 1112
1112 1119
1118 1117
1117 1116
1116 1115
1115 1114
1114 1113
1113 1112
1112 1120
1119 1118
1118 1117
1117 1116
1116 1115
1115 1114
1114 1113
1113 1112
1112 1121
1120 1119
1119 1118
1118 1117
1117 1116
1116 1115
1115 1114
1114 1113
1113 1112
1112 1122
1121 1120
1120 1119
1119 1118
1118 1117
1117 1116
1116 1115
1115 1114
1114 1113
1113 1112
1112 1123
1122 1121
1121 1120
1120 1119
1119 1118
1118 1117
1117 1116
1116 1115
1115 1114
1114 1113
1113 1112
1112 1124
1123 1122
1122 1121
1121 1120
1120 1119
1119 1118
1118 1117
1117 1116
1116 1115
1115 1114
1114 1113
1113 1112
1112 1125
1124 1123
1123 1122
1122 1121
1121 1120
1120 1119
1119 1118
1118 1117
1117 1116
1116 1115
1115 1114
1114 1113
1113 1112
1112 1126
1125 1124
1124 1123
1123 1122
1122 1121
1121 1120
1120 1119
1119 1118
1118 1117
1117 1116
1116 1115
1115 1114
1114 1113
1113 1112
1112 1127
1126 1125
1125 1124
1124 1123
1123 1122
1122 1121
1121 1120
1120 1119
1119 1118
1118 1117
1117 1116
1116 1115
1115 1114
1114 1113
1113 1112
1112 1128
1127 1126
1126 1125
1125 1124
1124 1123
1123 1122
1122 1121
1121 1120
1120 1119
1119 1118
1118 1117
1117 1116
1116 1115
1115 1114
1114 1113
1113 1112
1112 1129
1128 1127
1127 1126
1126 1125
1125 1124
1124 1123
1123 1122
1122 1121
1121 1120
1120 1119
1119 1118
1118 1117
1117 1116
1116 1115
1115 1114
1114 1113
1113 1112
1112 1130
1129 1128
1128 1127
1127 1126
1126 1125
1125 1124
1124 1123
1123 1122
1122 1121
1121 1120
1120 1119
1119 1118
1118 1117
1117 1116
1116 1115
1115 1114
1114 1113
1113 1112
1112 1131
1130 1129
1129 1128
1128 1127
1127 1126
1126 1125
1125 1124
1124 1123
1123 1122
1122 1121
1121 1120
1120 1119
1119 1118
1118 1117
1117 1116
1116 1115
1115 1114
1114 1113
1113 1112
1112 1132
1131 1130
1130 1129
1129 1128
1128 1127
1127 1126
1126 1125
1125 1124
1124 1123
1123 1122
1122 1121
1121 1120
1120 1119
1119 1118
1118 1117
1117 1116
1116 1115
1115 1114
1114 1113
1113 1112
1112 1133
1132 1131
1131 1130
1130 1129
1129 1128
1128 1127
1127 1126
1126 1125
1125 1124
1124 1123
1123 1122
1122 1121
1121 1120
1120 1119
1119 1118
1118 1117
1117 1116
1116 1115
1115 1114
1114 1113
1113 1112
1112 1134
1133 1132
1132 1131
1131 1130
1130 1129
1129 1128
1128 1127
1127 1126
1126 1125
1125 1124
1124 1123
1123 1122
1122 1121
1121 1120
1120 1119
1119 1118
1118 1117
1117 1116
1116 1115
1115 1114
1114 1113
1113 1112
1112 1135
1134 1133
1133 1132
1132 1131
1131 1130
1130 1129
1129 1128
1128 1127
1127 1126
1126 1125
1125 1124
1124 1123
1123 1122
1122 1121
1121 1120
1120 1119
1119 1118
1118 1117
1117 1116
1116 1115
1115 1114
1114 1113
1113 1112
1112 1136
1135 1134
1134 1133
1133 1132
1132 1131
1131 1130
1130 1129
1129 1128
1128 1127
1127 1126
1126 1125
1125 1124
1124 1123
1123 1122
1122 1121
1121 1120
1120 1119
1119 1118
1118 1117
1117 1116
1116 1115
1115 1114
1114 1113
1113 1112
1112 1137
1136 1135
1135 1134
1134 1133
1133 1132
1132 1131
1131 1130
1130 1129
1129 1128
1128 1127
1127 1126
1126 1125
1125 1124
1124 1123
1123 1122
1122 1121
1121 1120
1120 1119
1119 1118
1118 1117
1117 1116
1116 1115
1115 1114
1114 1113
1113 1112
1112 1138
1137 1136
1136 1135
1135 1134
1134 1133
1133 1132
1132 1131
1131 1130
1130 1129
1129 1128
1128 1127
1127 1126
1126 1125
1125 1124
1124 1123
1123 1122
1122 1121
1121 1120
1120 1119
1119 1118
1118 1117
1117 1116
1116 1115
1115 1114
1114 1113
1113 1112
1112 1139
1138 1137
1137 1136
1136 1135
1135 1134
1134 1133
1133 1132
1132 1131
1131 1130
1130 1129
1129 1128
1128 1127
1127 1126
1126 1125
1125 1124
1124 1123
1123 1122
1122 1121
1121 1120
1120 1119
1119 1118
1118 1117
1117 1116
1116 1115
1115 1114
1114 1113
1113 1112
1112 1140
1139 1138
1138 1137
1137 1136
1136 1135
1135 1134
1134 1133
1133 1132
1132 1131
1131 1130
1130 1129
1129 1128
1128 1127
1127 1126
1126 1125
1125 1124
1124 1123
1123 1122
1122 1121
1121 1120
1120 1119
1119 1118
1118 1117
1117 1116
1116 1115
1115 1114
1114 1113
1113 1112
1112 1141
1140 1139
1139 1138
1138 1137
1137 1136
1136 1135
1135 1134
1134 1133
1133 1132
1132 1131
1131 1130
1130 1129
1129 1128
1128 1127
1127 1126
1126 1125
1125 1124
1124 1123
1123 1122
1122 1121
1121 1120
1120 1119
1119 1118
1118 1117
1117 1116
1116 1115
1115 1114
1114 1113
1113 1112
1112 1142
1141 1140
1140 1139
1139 1138
1138 1137
1137 1136
1136 1135
1135 1134
1134 1133
1133 1132
1132 1131
1131 1130
1130 1129
1129 1128
1128 1127
1127 1126
1126 1125
1125 1124
1124 1123
1123 1122
1122 1121
1121 1120
1120 1119
1119 1118
1118 1117
1117 1116
1116 1115
1115 1114
1114 1113
1113 1112
1112 1143
1142 1141
1141 1140
1140 1139
1139 1138
1138 1137
1137 1136
1136 1135
1135 1134
1134 1133
1133 1132
1132 1131
1131 1130
1130 1129
1129 1128
1128 1127
1127 1126
1126 1125
1125 1124
1124 1123
1123 1122
1122 1121
1121 1120
1120 1119
1119 1118
1118 1117
1117 1116
1116 1115
1115 1114
1114 1113
1113 1112
1112 1144
1143 1142
1142 1141
1141 1140
1140 1139
1139 1138
1138 1137
1137 1136
1136 1135
1135 1134
1134 1133
1133 1132
1132 1131
1131 1130
1130 1129
1129 1128
1128 1127
1127 1126
1126 1125
1125 1124
1124 1123
1123 1122
1122 1121
1121 1120
1120 1119
1119 1118
1118 1117
1117 1116
1116 1115
1115 1114
1114 1113
1113 1112
1112 1145
1144 1143
1143 1142
1142 1141
1141 1140
1140 1139
1139 1138
1138 1137
1137 1136
1136 1135
1135 1134
1134 1133
1133 1132
1132 1131
1131 1130
1130 1129
1129 1128
1128 1127
1127 1126
1126 1125
1125 1124
1124 1123
1123 1122
1122 1121
1121 1120
1120 1119
1119 1118
1118 1117
1117 1116
1116 1115
1115 1114
1114 1113
1113 1112
1112 1146
1145 1144
1144 1143
1143 1142
1142 1141
1141 1140
1140 1139
1139 1138
1138 1137
1137 1136
1136 1135
1135 1134
1134 1133
1133 1132
1132 1131
1131 1130
1130 1129
1129 1128
1128 1127
1127 1126
1126 1125
1125 1124
1124 1123
1123 1122
1122 1121
1121 1120
1120 1119
1119 1118
1118 1117
1117 1116
1116 1115
1115 1114
1114 1113
1113 1112
1112 1147
1146 1145
1145 1144
1144 1143
1143 1142
1142 1141
1141 1140
1140 1139
1139 1138
1138 1137
1137 1136
1136 1135
1135 1134
1134 1133
1133 1132
1132 1131
1131 1130
1130 1129
1129 1128
1128 1127
1127 1126
1126 1125
1125 1124
1124 1123
1123 1122
1122 1121
1121 1120
1120 1119
1119 1118
1118 1117
1117 1116
1116 1115
1115 1114
1114 1113
1113 1112
1112 1148
1147 1146
1146 1145
1145 1144
1144 1143
1143 1142
1142 1141
1141 1140
1140 1139
1139 1138
1138 1137
1137 1136
1136 1135
1135 1134
1134 1133
1133 1132
1132 1131
1131 1130
1130 1129
1129 1128
1128 1127
1127 1126
1126 1125
1125 1124
1124 1123
1123 1122
1122 1121
1121 1120
1120 1119
1119 1118
1118 1117
1117 1116
1116 1115
1115 1114
1114 1113
1113 1112
1112 1149
1148 1147
1147 1146
1146 1145
1145 1144
1144 1143
1143 1142
1142 1141
1141 1140
1140 1139
1139 1138
1138 1137
1137 1136
1136 1135
1135 1134
1134 1133
1133 1132
1132 1131
1131 1130
1130 1129
1129 1128
1128 1127
1127 1126
1126 1125
1125 1124
1124 1123
1123 1122
1122 1121
1121 1120
1120 1119
1119 1118
1118 1117
1117 1116
1116 1115
1115 1114
1114 1113
1113 1112
1112 1150
1149 1148
1148 1147
1147 1146
1146 1145
1145 1144
1144 1143
1143 1142
1142 1141
1141 1140
1140 1139
1139 1138
1138 1137
1137 1136
1136 1135
1135 1134
1134 1133
1133 1132
1132 1131
1131 1130
1130 1129
1129 1128
1128 1127
1127 1126
1126 1125
1125 1124
1124 1123
1123 1122
1122 1121
1121 1120
1120 1119
1119 1118
1118 1117
1117 1116
1116 1115
1115 1114
1114 1113
1113 1112
1112 1151
1150 1149
1149 1148
1148 1147
1147 1146
1146 1145
1145 1144
1144 1143
1143 1142
1142 1141
1141 1140
1140 1139
1139 1138
1138 1137
1137 1136
1136 1135
1135 1134
1134 1133
1133 1132
1132 1131
1131 1130
1130 1129
1129 1128
1128 1127
1127 1126
1126 1125
1125 1124
1124 1123
1123 1122
1122 1121
1121 1120
1120 1119
1119 1118
1118 1117
1117 1116
1116 1115
1115 1114
1114 1113
1113 1112
1112 1152
1151 1150
1150 1149
1149 1148
1148 1147
1147 1146
1146 1145
1145 1144
1144 1143
1143 1142
1142 1141
1141 1140
1140 1139
1139 1138
1138 1137
1137 1136
1136 1135
1135 1134
1134 1133
1133 1132
1132 1131
1131 1130
1130 1129
1129 1128
1128 1127
1127 1126
1126 1125
1125 1124
1124 1123
1123 1122
1122 1121
1121 1120
1120 1119
1119 1118
1118 1117
1117 1116
1116 1115
1115 1114
1114 1113
1113 1112
1112 1153
1152 1151
1151 1150
1150 1149
1149 1148
1148 1147
1147 1146
1146 1145
1145 1144
1144 1143
1143 1142
1142 1141
1141 1140
1140 1139
1139 1138
1138 1137
1137 1136
1136 1135
1135 1134
1134 1133
1133 1132
1132 1131
1131 1130
1130 1129
1129 1128
1128 1127
1127 1126
1126 1125
1125 1124
1124 1123
1123 1122
1122 1121
1121 1120
1120 1119
1119 1118
1118 1117
1117 1116
1116 1115
1115 1114
1114 1113
1113 1112
1112 1154
1153 1152
1152 1151
1151 1150
1150 1149
1149 1148
1148 1147
1147 1146
1146 1145
1145 1144
1144 1143
1143 1142
1142 1141
1141 1140
1140 1139
1139 1138
1138 1137
1137 1136
1136 1135
1135 1134
1134 1133
1133 1132
1132 1131
1131 1130
1130 1129
1129 1128
1128 1127
1127 1126
1126 1125
1125 1124
1124 1123
1123 1122
1122 1121
1121 1120
1120 1119
1119 1118
1118 1117
1117 1116
1116 1115
1115 1114
1114 1113
1113 1112
1112 1155
1154 1153
1153 1152
1152 1151
1151 1150
1150 1149
1149 1148
1148 1147
1147 1146
1146 1145
1145 1144
1144 1143
1143 1142
1142 1141
1141 1140
1140 1139
1139 1138
1138 1137
1137 1136
1136 1135
1135 1134
1134 1133
1133 1132
1132 1131
1131 1130
1130 1129
1129 1128
1128 1127
1127 1126
1126 1125
1125 1124
1124 1123
1123 1122
1122 1121
1121 1120
1120 1119
1119 1118
1118 1117
1117 1116
1116 1115
1115 1114
1114 1113
1113 1112
1112 1156
1155 1154
1154 1153
1153 1152
1152 1151
1151 1150
1150 1149
1149 1148
1148 1147
1147 1146
1146 1145
1145 1144
1144 1143
1143 1142
1142 1141
1141 1140
1140 1139
1139 1138
1138 1137
1137 1136
1136 1135
1135 1134
1134 1133
1133 1132
1132 1131
1131 1130
1130 1129
1129 1128
1128 1127
1127 1126
1126 1125
1125 1124
1124 1123
1123 1122
1122 1121
1121 1120
1120 1119
1119 1118
1118 1117
1117 1116
1116 1115
1115 1114
1114 1113
1113 1112
1112 1157
1156 1155
1155 1154
1154 1153
1153 1152
1152 1151
1151 1150
1150 1149
1149 1148
1148 1147
1147 1146
1146 1145
1145 1144
1144 1143
1143 1142
1142 1141
1141 1140
1140 1139
1139 1138
1138 1137
1137 1136
1136 1135
1135 1134
1134 1133
1133 1132
1132 1131
1131 1130
1130 1129
1129 1128
1128 1127
1127 1126
1126 1125
1125 1124
1124 1123
1123 1122
1122 1121
1121 1120
1120 1119
1119 1118
1118 1117
1117 1116
1116 1115
1115 1114
1114 1113
1113 1112
1112 1158
1157 1156
1156 1155
1155 1154
1154 1153
1153 1152
1152 1151
1151 1150
1150 1149
1149 1148
1148 1147
1147 1146
1146 1145
1145 1144
1144 1143
1143 1142
1142 1141
1141 1140
1140 1139
1139 1138
1138 1137
1137 1136
1136 1135
1135 1134
1134 1133
1133 1132
1132 1131
1131 1130
1130 1129
1129 1128
1128 1127
1127 1126
1126 1125
1125 1124
1124 1123
1123 1122
1122 1121
1121 1120
1120 1119
1119 1118
1118 1117
1117 1116
1116 1115
1115 1114
1114 1113
1113 1112
1112 1159
1158 1157
1157 1156
1156 1155
1155 1154
1154 1153
1153 1152
1152 1151
1151 1150
1150 1149
1149 1148
1148 1147
1147 1146
1146 1145
1145 1144
1144 1143
1143 1142
1142 1141
1141 1140
1140 1139
1139 1138
1138 1137
1137 1136
1136 1135
1135 1134
1134 1133
1133 1132
1132 1131
1131 1130
1130 1129
1129 1128
1128 1127
1127 1126
1126 1125
1125 1124
1124 1123
1123 1122
1122 1121
1121 1120
1120 1119
1119 1118
1118 1117
1117 1116
1116 1115
1115 1114
1114 1113
1113 1112
1112 1160
1159 1158
1158 1157
1157 1156
1156 1155
1155 1154
1154 1153
1153 1152
1152 1151
1151 1150
1150 1149
1149 1148
1148 1147
1147 1146
1146 1145
1145 1144
1144 1143
1143 1142
1142 1141
1141 1140
1140 1139
1139 1138
1138 1137
1137 1136
1136 1135
1135 1134
1134 1133
1133 1132
1132 1131
1131 1130
1130 1129
1129 1128
1128 1127
1127 1126
1126 1125
1125 1124
1124 1123
1123 1122
1122 1121
1121 1120
1120 1119
1119 1118
1118 1117
1117 1116
1116 1115
1115 1114
1114 1113
1113 1112
1112 1161
1160 1159
1159 1158
1158 1157
1157 1156
1156 1155
1155 1154
1154 1153
1153 1152
1152 1151
1151 1150
1150 1149
1149 1148
1148 1147
1147 1146
1146 1145
1145 1144
1144 1143
1143 1142
1142 1141
1141 1140
1140 1139
1139 1138
1138 1137
1137 1136
1136 1135
1135 1134
1134 1133
1133 1132
1132 1131
1131 1130
1130 1129
1129 1128
1128 1127
1127 1126
1126 1125
1125 1124
1124 1123
1123 1122
1122 1121
1121 1120
1120 1119
1119 1118
1118 1117
1117 1116
1116 1115
1115 1114
1114 1113
1113 1112
1112 1162
1161 1160
1160 1159
1159 1158
1158 1157
1157 1156
1156 1155
1155 1154
1154 1153
1153 1152
1152 1151
1151 1150
1150 1149
1149 1148
1148 1147
1147 1146
1146 1145
1145 1144
1144 1143
1143 1142
1142 1141
1141 1140
1140 1139
1139 1138
1138 1137
1137 1136
1136 1135
1135 1134
1134 1133
1133 1132
1132 1131
1131 1130
1130 1129
1129 1128
1128 1127
1127 1126
1126 1125
1125 1124
1124 1123
1123 1122
1122 1121
1121 1120
1120 1119
1119 1118
1118 1117
1117 1116
1116 1115
1115 1114
1114 1113
1113 1112
1112 1163
1162 1161
1161 1160
1160 1159
1159 1158
1158 1157
1157 1156
1156 1155
1155 1154
1154 1153
1153 1152
1152 1151
1151 1150
1150 1149
1149 1148
1148 1147
1147 1146
1146 1145
1145 1144
1144 1143
1143 1142
1142 1141
1141 1140
1140 1139
1139 1138
1138 1137
1137 1136
1136 1135
1135 1134
1134 1133
1133 1132
1132 1131
1131 1130
1130 1129
1129 1128
1128 1127
1127 1126
1126 1125
1125 1124
1124 1123
1123 1122
1122 1121
1121 1120
1120 1119
1119 1118
1118 1117
1117 1116
1116 1115
1115 1114
1114 1113
1113 1112
1112 1164
1163 1162
1162 1161
1161 1160
1160 1159
1159 1158
1158 1157
1157 1156
1156 1155
1155 1154
1154 1153
1153 1152
1152 1151
1151 1150
1150 1149
1149 1148
1148 1147
1147 1146
1146 1145
1145 1144
1144 1143
1143 1142
1142 1141
1141 1140
1140 1139
1139 1138
1138 1137
1137 1136
1136 1135
1135 1134
1134 1133
1133 1132
1132 1131
1131 1130
1130 1129
1129 1128
1128 1127
1127 1126
1126 1125
1125 1124
1124 1123
1123 1122
1122 1121
1121 1120
1120 1119
1119 1118
1118 1117
1117 1116
1116 1115
1115 1114
1114 1113
1113 1112
1112 1165
1164 1163
1163 1162
1162 1161
1161 1160
1160 1159
1159 1158
1158 1157
1157 1156
1156 1155
1155 1154
1154 1153
1153 1152
1152 1151
1151 1150
1150 1149
1149 1148
1148 1147
1147 1146
1146 1145
1145 1144
1144 1143
1143 1142
1142 1141
1141 1140
1140 1139
1139 1138
1138 1137
1137 1136
1136 1135
1135 1134
1134 1133
1133 1132
1132 1131
1131 1130
1130 1129
1129 1128
1128 1127
1127 1126
1126 1125
1125 1124
1124 1123
1123 1122
1122 1121
1121 1120
1120 1119
1119 1118
1118 1117
1117 1116
1116 1115
1115 1114
1114 1113
1113 1112
1112 1166
1165 1164
1164 1163
1163 1162
1162 1161
1161 1160
1160 1159
1159 1158
1158 1157
1157 1156
1156 1155
1155 1154
1154 1153
1153 1152
1152 1151
1151 1150
1150 1149
1149 1148
1148 1147
1147 1146
1146 1145
1145 1144
1144 1143
1143 1142
1142 1141
1141 1140
1140 1139
1139 1138
1138 1137
1137 1136
1136 1135
1135 1134
1134 1133
1133 1132
1132 1131
1131 1130
1130 1129
1129 1128
1128 1127
1127 1126
1126 1125
1125 1124
1124 1123
1123 1122
1122 1121
1121 1120
1120 1119
1119 1118
1118 1117
1117 1116
1116 1115
1115 1114
1114 1113
1113 1112
1112 1167
1166 1165
1165 1164
1164 1163
1163 1162
1162 1161
1161 1160
1160 1159
1159 1158
1158 1157
1157 1156
1156 1155
1155 1154
1154 1153
1153 1152
1152 1151
1151 1150
1150 1149
1149 1148
1148 1147
1147 1146
1146 1145
1145 1144
1144 1143
1143 1142
1142 1141
1141 1140
1140 1139
1139 1138
1138 1137
1137 1136
1136 1135
1135 1134
1134 1133
1133 1132
1132 1131
1131 1130
1130 1129
1129 1128
1128 1127
1127 1126
1126 1125
1125 1124
1124 1123
1123 1122
1122 1121
1121 1120
1120 1119
1119 1118
1118 1117
1117 1116
1116 1115
1115 1114
1114 1113
1113 1112
