4280
504 10000
3891 10000
5001 5002
5001 5003
5002 5001
5001 5004
5003 5002
5002 5001
5001 5005
5004 5003
5003 5002
5002 5001
5001 5006
5005 5004
5004 5003
5003 5002
5002 5001
5001 5007
5006 5005
5005 5004
5004 5003
5003 5002
5002 5001
5001 5008
5007 5006
5006 5005
5005 5004
5004 5003
5003 5002
5002 5001
5001 5009
5008 5007
5007 5006
5006 5005
5005 5004
5004 5003
5003 5002
5002 5001
5001 5010
5009 5008
5008 5007
5007 5006
5006 5005
5005 5004
5004 5003
5003 5002
5002 5001
5001 5011
5010 5009
5009 5008
5008 5007
5007 5006
5006 5005
5005 5004
5004 5003
5003 5002
5002 5001
5001 5012
5011 5010
5010 5009
5009 5008
5008 5007
5007 5006
5006 5005
5005 5004
5004 5003
5003 5002
5002 5001
5001 5013
5012 5011
5011 5010
5010 5009
5009 5008
5008 5007
5007 5006
5006 5005
5005 5004
5004 5003
5003 5002
5002 5001
5001 5014
5013 5012
5012 5011
5011 5010
5010 5009
5009 5008
5008 5007
5007 5006
5006 5005
5005 5004
5004 5003
5003 5002
5002 5001
5001 5015
5014 5013
5013 5012
5012 5011
5011 5010
5010 5009
5009 5008
5008 5007
5007 5006
5006 5005
5005 5004
5004 5003
5003 5002
5002 5001
5001 5016
5015 5014
5014 5013
5013 5012
5012 5011
5011 5010
5010 5009
5009 5008
5008 5007
5007 5006
5006 5005
5005 5004
5004 5003
5003 5002
5002 5001
5001 5017
5016 5015
5015 5014
5014 5013
5013 5012
5012 5011
5011 5010
5010 5009
5009 5008
5008 5007
5007 5006
5006 5005
5005 5004
5004 5003
5003 5002
5002 5001
5001 5018
5017 5016
5016 5015
5015 5014
5014 5013
5013 5012
5012 5011
5011 5010
5010 5009
5009 5008
5008 5007
5007 5006
5006 5005
5005 5004
5004 5003
5003 5002
5002 5001
5001 5019
5018 5017
5017 5016
5016 5015
5015 5014
5014 5013
5013 5012
5012 5011
5011 5010
5010 5009
5009 5008
5008 5007
5007 5006
5006 5005
5005 5004
5004 5003
5003 5002
5002 5001
5001 5020
5019 5018
5018 5017
5017 5016
5016 5015
5015 5014
5014 5013
5013 5012
5012 5011
5011 5010
5010 5009
5009 5008
5008 5007
5007 5006
5006 5005
5005 5004
5004 5003
5003 5002
5002 5001
5001 5021
5020 5019
5019 5018
5018 5017
5017 5016
5016 5015
5015 5014
5014 5013
5013 5012
5012 5011
5011 5010
5010 5009
5009 5008
5008 5007
5007 5006
5006 5005
5005 5004
5004 5003
5003 5002
5002 5001
5001 5022
5021 5020
5020 5019
5019 5018
5018 5017
5017 5016
5016 5015
5015 5014
5014 5013
5013 5012
5012 5011
5011 5010
5010 5009
5009 5008
5008 5007
5007 5006
5006 5005
5005 5004
5004 5003
5003 5002
5002 5001
5001 5023
5022 5021
5021 5020
5020 5019
5019 5018
5018 5017
5017 5016
5016 5015
5015 5014
5014 5013
5013 5012
5012 5011
5011 5010
5010 5009
5009 5008
5008 5007
5007 5006
5006 5005
5005 5004
5004 5003
5003 5002
5002 5001
5001 5024
5023 5022
5022 5021
5021 5020
5020 5019
5019 5018
5018 5017
5017 5016
5016 5015
5015 5014
5014 5013
5013 5012
5012 5011
5011 5010
5010 5009
5009 5008
5008 5007
5007 5006
5006 5005
5005 5004
5004 5003
5003 5002
5002 5001
5001 5025
5024 5023
5023 5022
5022 5021
5021 5020
5020 5019
5019 5018
5018 5017
5017 5016
5016 5015
5015 5014
5014 5013
5013 5012
5012 5011
5011 5010
5010 5009
5009 5008
5008 5007
5007 5006
5006 5005
5005 5004
5004 5003
5003 5002
5002 5001
5001 5026
5025 5024
5024 5023
5023 5022
5022 5021
5021 5020
5020 5019
5019 5018
5018 5017
5017 5016
5016 5015
5015 5014
5014 5013
5013 5012
5012 5011
5011 5010
5010 5009
5009 5008
5008 5007
5007 5006
5006 5005
5005 5004
5004 5003
5003 5002
5002 5001
5001 5027
5026 5025
5025 5024
5024 5023
5023 5022
5022 5021
5021 5020
5020 5019
5019 5018
5018 5017
5017 5016
5016 5015
5015 5014
5014 5013
5013 5012
5012 5011
5011 5010
5010 5009
5009 5008
5008 5007
5007 5006
5006 5005
5005 5004
5004 5003
5003 5002
5002 5001
5001 5028
5027 5026
5026 5025
5025 5024
5024 5023
5023 5022
5022 5021
5021 5020
5020 5019
5019 5018
5018 5017
5017 5016
5016 5015
5015 5014
5014 5013
5013 5012
5012 5011
5011 5010
5010 5009
5009 5008
5008 5007
5007 5006
5006 5005
5005 5004
5004 5003
5003 5002
5002 5001
5001 5029
5028 5027
5027 5026
5026 5025
5025 5024
5024 5023
5023 5022
5022 5021
5021 5020
5020 5019
5019 5018
5018 5017
5017 5016
5016 5015
5015 5014
5014 5013
5013 5012
5012 5011
5011 5010
5010 5009
5009 5008
5008 5007
5007 5006
5006 5005
5005 5004
5004 5003
5003 5002
5002 5001
5001 5030
5029 5028
5028 5027
5027 5026
5026 5025
5025 5024
5024 5023
5023 5022
5022 5021
5021 5020
5020 5019
5019 5018
5018 5017
5017 5016
5016 5015
5015 5014
5014 5013
5013 5012
5012 5011
5011 5010
5010 5009
5009 5008
5008 5007
5007 5006
5006 5005
5005 5004
5004 5003
5003 5002
5002 5001
5001 5031
5030 5029
5029 5028
5028 5027
5027 5026
5026 5025
5025 5024
5024 5023
5023 5022
5022 5021
5021 5020
5020 5019
5019 5018
5018 5017
5017 5016
5016 5015
5015 5014
5014 5013
5013 5012
5012 5011
5011 5010
5010 5009
5009 5008
5008 5007
5007 5006
5006 5005
5005 5004
5004 5003
5003 5002
5002 5001
5001 5032
5031 5030
5030 5029
5029 5028
5028 5027
5027 5026
5026 5025
5025 5024
5024 5023
5023 5022
5022 5021
5021 5020
5020 5019
5019 5018
5018 5017
5017 5016
5016 5015
5015 5014
5014 5013
5013 5012
5012 5011
5011 5010
5010 5009
5009 5008
5008 5007
5007 5006
5006 5005
5005 5004
5004 5003
5003 5002
5002 5001
5001 5033
5032 5031
5031 5030
5030 5029
5029 5028
5028 5027
5027 5026
5026 5025
5025 5024
5024 5023
5023 5022
5022 5021
5021 5020
5020 5019
5019 5018
5018 5017
5017 5016
5016 5015
5015 5014
5014 5013
5013 5012
5012 5011
5011 5010
5010 5009
5009 5008
5008 5007
5007 5006
5006 5005
5005 5004
5004 5003
5003 5002
5002 5001
5001 5034
5033 5032
5032 5031
5031 5030
5030 5029
5029 5028
5028 5027
5027 5026
5026 5025
5025 5024
5024 5023
5023 5022
5022 5021
5021 5020
5020 5019
5019 5018
5018 5017
5017 5016
5016 5015
5015 5014
5014 5013
5013 5012
5012 5011
5011 5010
5010 5009
5009 5008
5008 5007
5007 5006
5006 5005
5005 5004
5004 5003
5003 5002
5002 5001
5001 5035
5034 5033
5033 5032
5032 5031
5031 5030
5030 5029
5029 5028
5028 5027
5027 5026
5026 5025
5025 5024
5024 5023
5023 5022
5022 5021
5021 5020
5020 5019
5019 5018
5018 5017
5017 5016
5016 5015
5015 5014
5014 5013
5013 5012
5012 5011
5011 5010
5010 5009
5009 5008
5008 5007
5007 5006
5006 5005
5005 5004
5004 5003
5003 5002
5002 5001
5001 5036
5035 5034
5034 5033
5033 5032
5032 5031
5031 5030
5030 5029
5029 5028
5028 5027
5027 5026
5026 5025
5025 5024
5024 5023
5023 5022
5022 5021
5021 5020
5020 5019
5019 5018
5018 5017
5017 5016
5016 5015
5015 5014
5014 5013
5013 5012
5012 5011
5011 5010
5010 5009
5009 5008
5008 5007
5007 5006
5006 5005
5005 5004
5004 5003
5003 5002
5002 5001
5001 5037
5036 5035
5035 5034
5034 5033
5033 5032
5032 5031
5031 5030
5030 5029
5029 5028
5028 5027
5027 5026
5026 5025
5025 5024
5024 5023
5023 5022
5022 5021
5021 5020
5020 5019
5019 5018
5018 5017
5017 5016
5016 5015
5015 5014
5014 5013
5013 5012
5012 5011
5011 5010
5010 5009
5009 5008
5008 5007
5007 5006
5006 5005
5005 5004
5004 5003
5003 5002
5002 5001
5001 5038
5037 5036
5036 5035
5035 5034
5034 5033
5033 5032
5032 5031
5031 5030
5030 5029
5029 5028
5028 5027
5027 5026
5026 5025
5025 5024
5024 5023
5023 5022
5022 5021
5021 5020
5020 5019
5019 5018
5018 5017
5017 5016
5016 5015
5015 5014
5014 5013
5013 5012
5012 5011
5011 5010
5010 5009
5009 5008
5008 5007
5007 5006
5006 5005
5005 5004
5004 5003
5003 5002
5002 5001
5001 5039
5038 5037
5037 5036
5036 5035
5035 5034
5034 5033
5033 5032
5032 5031
5031 5030
5030 5029
5029 5028
5028 5027
5027 5026
5026 5025
5025 5024
5024 5023
5023 5022
5022 5021
5021 5020
5020 5019
5019 5018
5018 5017
5017 5016
5016 5015
5015 5014
5014 5013
5013 5012
5012 5011
5011 5010
5010 5009
5009 5008
5008 5007
5007 5006
5006 5005
5005 5004
5004 5003
5003 5002
5002 5001
5001 5040
5039 5038
5038 5037
5037 5036
5036 5035
5035 5034
5034 5033
5033 5032
5032 5031
5031 5030
5030 5029
5029 5028
5028 5027
5027 5026
5026 5025
5025 5024
5024 5023
5023 5022
5022 5021
5021 5020
5020 5019
5019 5018
5018 5017
5017 5016
5016 5015
5015 5014
5014 5013
5013 5012
5012 5011
5011 5010
5010 5009
5009 5008
5008 5007
5007 5006
5006 5005
5005 5004
5004 5003
5003 5002
5002 5001
5001 5041
5040 5039
5039 5038
5038 5037
5037 5036
5036 5035
5035 5034
5034 5033
5033 5032
5032 5031
5031 5030
5030 5029
5029 5028
5028 5027
5027 5026
5026 5025
5025 5024
5024 5023
5023 5022
5022 5021
5021 5020
5020 5019
5019 5018
5018 5017
5017 5016
5016 5015
5015 5014
5014 5013
5013 5012
5012 5011
5011 5010
5010 5009
5009 5008
5008 5007
5007 5006
5006 5005
5005 5004
5004 5003
5003 5002
5002 5001
5001 5042
5041 5040
5040 5039
5039 5038
5038 5037
5037 5036
5036 5035
5035 5034
5034 5033
5033 5032
5032 5031
5031 5030
5030 5029
5029 5028
5028 5027
5027 5026
5026 5025
5025 5024
5024 5023
5023 5022
5022 5021
5021 5020
5020 5019
5019 5018
5018 5017
5017 5016
5016 5015
5015 5014
5014 5013
5013 5012
5012 5011
5011 5010
5010 5009
5009 5008
5008 5007
5007 5006
5006 5005
5005 5004
5004 5003
5003 5002
5002 5001
5001 5043
5042 5041
5041 5040
5040 5039
5039 5038
5038 5037
5037 5036
5036 5035
5035 5034
5034 5033
5033 5032
5032 5031
5031 5030
5030 5029
5029 5028
5028 5027
5027 5026
5026 5025
5025 5024
5024 5023
5023 5022
5022 5021
5021 5020
5020 5019
5019 5018
5018 5017
5017 5016
5016 5015
5015 5014
5014 5013
5013 5012
5012 5011
5011 5010
5010 5009
5009 5008
5008 5007
5007 5006
5006 5005
5005 5004
5004 5003
5003 5002
5002 5001
5001 5044
5043 5042
5042 5041
5041 5040
5040 5039
5039 5038
5038 5037
5037 5036
5036 5035
5035 5034
5034 5033
5033 5032
5032 5031
5031 5030
5030 5029
5029 5028
5028 5027
5027 5026
5026 5025
5025 5024
5024 5023
5023 5022
5022 5021
5021 5020
5020 5019
5019 5018
5018 5017
5017 5016
5016 5015
5015 5014
5014 5013
5013 5012
5012 5011
5011 5010
5010 5009
5009 5008
5008 5007
5007 5006
5006 5005
5005 5004
5004 5003
5003 5002
5002 5001
5001 5045
5044 5043
5043 5042
5042 5041
5041 5040
5040 5039
5039 5038
5038 5037
5037 5036
5036 5035
5035 5034
5034 5033
5033 5032
5032 5031
5031 5030
5030 5029
5029 5028
5028 5027
5027 5026
5026 5025
5025 5024
5024 5023
5023 5022
5022 5021
5021 5020
5020 5019
5019 5018
5018 5017
5017 5016
5016 5015
5015 5014
5014 5013
5013 5012
5012 5011
5011 5010
5010 5009
5009 5008
5008 5007
5007 5006
5006 5005
5005 5004
5004 5003
5003 5002
5002 5001
5001 5046
5045 5044
5044 5043
5043 5042
5042 5041
5041 5040
5040 5039
5039 5038
5038 5037
5037 5036
5036 5035
5035 5034
5034 5033
5033 5032
5032 5031
5031 5030
5030 5029
5029 5028
5028 5027
5027 5026
5026 5025
5025 5024
5024 5023
5023 5022
5022 5021
5021 5020
5020 5019
5019 5018
5018 5017
5017 5016
5016 5015
5015 5014
5014 5013
5013 5012
5012 5011
5011 5010
5010 5009
5009 5008
5008 5007
5007 5006
5006 5005
5005 5004
5004 5003
5003 5002
5002 5001
5001 5047
5046 5045
5045 5044
5044 5043
5043 5042
5042 5041
5041 5040
5040 5039
5039 5038
5038 5037
5037 5036
5036 5035
5035 5034
5034 5033
5033 5032
5032 5031
5031 5030
5030 5029
5029 5028
5028 5027
5027 5026
5026 5025
5025 5024
5024 5023
5023 5022
5022 5021
5021 5020
5020 5019
5019 5018
5018 5017
5017 5016
5016 5015
5015 5014
5014 5013
5013 5012
5012 5011
5011 5010
5010 5009
5009 5008
5008 5007
5007 5006
5006 5005
5005 5004
5004 5003
5003 5002
5002 5001
5001 5048
5047 5046
5046 5045
5045 5044
5044 5043
5043 5042
5042 5041
5041 5040
5040 5039
5039 5038
5038 5037
5037 5036
5036 5035
5035 5034
5034 5033
5033 5032
5032 5031
5031 5030
5030 5029
5029 5028
5028 5027
5027 5026
5026 5025
5025 5024
5024 5023
5023 5022
5022 5021
5021 5020
5020 5019
5019 5018
5018 5017
5017 5016
5016 5015
5015 5014
5014 5013
5013 5012
5012 5011
5011 5010
5010 5009
5009 5008
5008 5007
5007 5006
5006 5005
5005 5004
5004 5003
5003 5002
5002 5001
5001 5049
5048 5047
5047 5046
5046 5045
5045 5044
5044 5043
5043 5042
5042 5041
5041 5040
5040 5039
5039 5038
5038 5037
5037 5036
5036 5035
5035 5034
5034 5033
5033 5032
5032 5031
5031 5030
5030 5029
5029 5028
5028 5027
5027 5026
5026 5025
5025 5024
5024 5023
5023 5022
5022 5021
5021 5020
5020 5019
5019 5018
5018 5017
5017 5016
5016 5015
5015 5014
5014 5013
5013 5012
5012 5011
5011 5010
5010 5009
5009 5008
5008 5007
5007 5006
5006 5005
5005 5004
5004 5003
5003 5002
5002 5001
5001 5050
5049 5048
5048 5047
5047 5046
5046 5045
5045 5044
5044 5043
5043 5042
5042 5041
5041 5040
5040 5039
5039 5038
5038 5037
5037 5036
5036 5035
5035 5034
5034 5033
5033 5032
5032 5031
5031 5030
5030 5029
5029 5028
5028 5027
5027 5026
5026 5025
5025 5024
5024 5023
5023 5022
5022 5021
5021 5020
5020 5019
5019 5018
5018 5017
5017 5016
5016 5015
5015 5014
5014 5013
5013 5012
5012 5011
5011 5010
5010 5009
5009 5008
5008 5007
5007 5006
5006 5005
5005 5004
5004 5003
5003 5002
5002 5001
5001 5051
5050 5049
5049 5048
5048 5047
5047 5046
5046 5045
5045 5044
5044 5043
5043 5042
5042 5041
5041 5040
5040 5039
5039 5038
5038 5037
5037 5036
5036 5035
5035 5034
5034 5033
5033 5032
5032 5031
5031 5030
5030 5029
5029 5028
5028 5027
5027 5026
5026 5025
5025 5024
5024 5023
5023 5022
5022 5021
5021 5020
5020 5019
5019 5018
5018 5017
5017 5016
5016 5015
5015 5014
5014 5013
5013 5012
5012 5011
5011 5010
5010 5009
5009 5008
5008 5007
5007 5006
5006 5005
5005 5004
5004 5003
5003 5002
5002 5001
5001 5052
5051 5050
5050 5049
5049 5048
5048 5047
5047 5046
5046 5045
5045 5044
5044 5043
5043 5042
5042 5041
5041 5040
5040 5039
5039 5038
5038 5037
5037 5036
5036 5035
5035 5034
5034 5033
5033 5032
5032 5031
5031 5030
5030 5029
5029 5028
5028 5027
5027 5026
5026 5025
5025 5024
5024 5023
5023 5022
5022 5021
5021 5020
5020 5019
5019 5018
5018 5017
5017 5016
5016 5015
5015 5014
5014 5013
5013 5012
5012 5011
5011 5010
5010 5009
5009 5008
5008 5007
5007 5006
5006 5005
5005 5004
5004 5003
5003 5002
5002 5001
5001 5053
5052 5051
5051 5050
5050 5049
5049 5048
5048 5047
5047 5046
5046 5045
5045 5044
5044 5043
5043 5042
5042 5041
5041 5040
5040 5039
5039 5038
5038 5037
5037 5036
5036 5035
5035 5034
5034 5033
5033 5032
5032 5031
5031 5030
5030 5029
5029 5028
5028 5027
5027 5026
5026 5025
5025 5024
5024 5023
5023 5022
5022 5021
5021 5020
5020 5019
5019 5018
5018 5017
5017 5016
5016 5015
5015 5014
5014 5013
5013 5012
5012 5011
5011 5010
5010 5009
5009 5008
5008 5007
5007 5006
5006 5005
5005 5004
5004 5003
5003 5002
5002 5001
5001 5054
5053 5052
5052 5051
5051 5050
5050 5049
5049 5048
5048 5047
5047 5046
5046 5045
5045 5044
5044 5043
5043 5042
5042 5041
5041 5040
5040 5039
5039 5038
5038 5037
5037 5036
5036 5035
5035 5034
5034 5033
5033 5032
5032 5031
5031 5030
5030 5029
5029 5028
5028 5027
5027 5026
5026 5025
5025 5024
5024 5023
5023 5022
5022 5021
5021 5020
5020 5019
5019 5018
5018 5017
5017 5016
5016 5015
5015 5014
5014 5013
5013 5012
5012 5011
5011 5010
5010 5009
5009 5008
5008 5007
5007 5006
5006 5005
5005 5004
5004 5003
5003 5002
5002 5001
5001 5055
5054 5053
5053 5052
5052 5051
5051 5050
5050 5049
5049 5048
5048 5047
5047 5046
5046 5045
5045 5044
5044 5043
5043 5042
5042 5041
5041 5040
5040 5039
5039 5038
5038 5037
5037 5036
5036 5035
5035 5034
5034 5033
5033 5032
5032 5031
5031 5030
5030 5029
5029 5028
5028 5027
5027 5026
5026 5025
5025 5024
5024 5023
5023 5022
5022 5021
5021 5020
5020 5019
5019 5018
5018 5017
5017 5016
5016 5015
5015 5014
5014 5013
5013 5012
5012 5011
5011 5010
5010 5009
5009 5008
5008 5007
5007 5006
5006 5005
5005 5004
5004 5003
5003 5002
5002 5001
5001 5056
5055 5054
5054 5053
5053 5052
5052 5051
5051 5050
5050 5049
5049 5048
5048 5047
5047 5046
5046 5045
5045 5044
5044 5043
5043 5042
5042 5041
5041 5040
5040 5039
5039 5038
5038 5037
5037 5036
5036 5035
5035 5034
5034 5033
5033 5032
5032 5031
5031 5030
5030 5029
5029 5028
5028 5027
5027 5026
5026 5025
5025 5024
5024 5023
5023 5022
5022 5021
5021 5020
5020 5019
5019 5018
5018 5017
5017 5016
5016 5015
5015 5014
5014 5013
5013 5012
5012 5011
5011 5010
5010 5009
5009 5008
5008 5007
5007 5006
5006 5005
5005 5004
5004 5003
5003 5002
5002 5001
5001 5057
5056 5055
5055 5054
5054 5053
5053 5052
5052 5051
5051 5050
5050 5049
5049 5048
5048 5047
5047 5046
5046 5045
5045 5044
5044 5043
5043 5042
5042 5041
5041 5040
5040 5039
5039 5038
5038 5037
5037 5036
5036 5035
5035 5034
5034 5033
5033 5032
5032 5031
5031 5030
5030 5029
5029 5028
5028 5027
5027 5026
5026 5025
5025 5024
5024 5023
5023 5022
5022 5021
5021 5020
5020 5019
5019 5018
5018 5017
5017 5016
5016 5015
5015 5014
5014 5013
5013 5012
5012 5011
5011 5010
5010 5009
5009 5008
5008 5007
5007 5006
5006 5005
5005 5004
5004 5003
5003 5002
5002 5001
5001 5058
5057 5056
5056 5055
5055 5054
5054 5053
5053 5052
5052 5051
5051 5050
5050 5049
5049 5048
5048 5047
5047 5046
5046 5045
5045 5044
5044 5043
5043 5042
5042 5041
5041 5040
5040 5039
5039 5038
5038 5037
5037 5036
5036 5035
5035 5034
5034 5033
5033 5032
5032 5031
5031 5030
5030 5029
5029 5028
5028 5027
5027 5026
5026 5025
5025 5024
5024 5023
5023 5022
5022 5021
5021 5020
5020 5019
5019 5018
5018 5017
5017 5016
5016 5015
5015 5014
5014 5013
5013 5012
5012 5011
5011 5010
5010 5009
5009 5008
5008 5007
5007 5006
5006 5005
5005 5004
5004 5003
5003 5002
5002 5001
5001 5059
5058 5057
5057 5056
5056 5055
5055 5054
5054 5053
5053 5052
5052 5051
5051 5050
5050 5049
5049 5048
5048 5047
5047 5046
5046 5045
5045 5044
5044 5043
5043 5042
5042 5041
5041 5040
5040 5039
5039 5038
5038 5037
5037 5036
5036 5035
5035 5034
5034 5033
5033 5032
5032 5031
5031 5030
5030 5029
5029 5028
5028 5027
5027 5026
5026 5025
5025 5024
5024 5023
5023 5022
5022 5021
5021 5020
5020 5019
5019 5018
5018 5017
5017 5016
5016 5015
5015 5014
5014 5013
5013 5012
5012 5011
5011 5010
5010 5009
5009 5008
5008 5007
5007 5006
5006 5005
5005 5004
5004 5003
5003 5002
5002 5001
5001 5060
5059 5058
5058 5057
5057 5056
5056 5055
5055 5054
5054 5053
5053 5052
5052 5051
5051 5050
5050 5049
5049 5048
5048 5047
5047 5046
5046 5045
5045 5044
5044 5043
5043 5042
5042 5041
5041 5040
5040 5039
5039 5038
5038 5037
5037 5036
5036 5035
5035 5034
5034 5033
5033 5032
5032 5031
5031 5030
5030 5029
5029 5028
5028 5027
5027 5026
5026 5025
5025 5024
5024 5023
5023 5022
5022 5021
5021 5020
5020 5019
5019 5018
5018 5017
5017 5016
5016 5015
5015 5014
5014 5013
5013 5012
5012 5011
5011 5010
5010 5009
5009 5008
5008 5007
5007 5006
5006 5005
5005 5004
5004 5003
5003 5002
5002 5001
5001 5061
5060 5059
5059 5058
5058 5057
5057 5056
5056 5055
5055 5054
5054 5053
5053 5052
5052 5051
5051 5050
5050 5049
5049 5048
5048 5047
5047 5046
5046 5045
5045 5044
5044 5043
5043 5042
5042 5041
5041 5040
5040 5039
5039 5038
5038 5037
5037 5036
5036 5035
5035 5034
5034 5033
5033 5032
5032 5031
5031 5030
5030 5029
5029 5028
5028 5027
5027 5026
5026 5025
5025 5024
5024 5023
5023 5022
5022 5021
5021 5020
5020 5019
5019 5018
5018 5017
5017 5016
5016 5015
5015 5014
5014 5013
5013 5012
5012 5011
5011 5010
5010 5009
5009 5008
5008 5007
5007 5006
5006 5005
5005 5004
5004 5003
5003 5002
5002 5001
5001 5062
5061 5060
5060 5059
5059 5058
5058 5057
5057 5056
5056 5055
5055 5054
5054 5053
5053 5052
5052 5051
5051 5050
5050 5049
5049 5048
5048 5047
5047 5046
5046 5045
5045 5044
5044 5043
5043 5042
5042 5041
5041 5040
5040 5039
5039 5038
5038 5037
5037 5036
5036 5035
5035 5034
5034 5033
5033 5032
5032 5031
5031 5030
5030 5029
5029 5028
5028 5027
5027 5026
5026 5025
5025 5024
5024 5023
5023 5022
5022 5021
5021 5020
5020 5019
5019 5018
5018 5017
5017 5016
5016 5015
5015 5014
5014 5013
5013 5012
5012 5011
5011 5010
5010 5009
5009 5008
5008 5007
5007 5006
5006 5005
5005 5004
5004 5003
5003 5002
5002 5001
5001 5063
5062 5061
5061 5060
5060 5059
5059 5058
5058 5057
5057 5056
5056 5055
5055 5054
5054 5053
5053 5052
5052 5051
5051 5050
5050 5049
5049 5048
5048 5047
5047 5046
5046 5045
5045 5044
5044 5043
5043 5042
5042 5041
5041 5040
5040 5039
5039 5038
5038 5037
5037 5036
5036 5035
5035 5034
5034 5033
5033 5032
5032 5031
5031 5030
5030 5029
5029 5028
5028 5027
5027 5026
5026 5025
5025 5024
5024 5023
5023 5022
5022 5021
5021 5020
5020 5019
5019 5018
5018 5017
5017 5016
5016 5015
5015 5014
5014 5013
5013 5012
5012 5011
5011 5010
5010 5009
5009 5008
5008 5007
5007 5006
5006 5005
5005 5004
5004 5003
5003 5002
5002 5001
5001 5064
5063 5062
5062 5061
5061 5060
5060 5059
5059 5058
5058 5057
5057 5056
5056 5055
5055 5054
5054 5053
5053 5052
5052 5051
5051 5050
5050 5049
5049 5048
5048 5047
5047 5046
5046 5045
5045 5044
5044 5043
5043 5042
5042 5041
5041 5040
5040 5039
5039 5038
5038 5037
5037 5036
5036 5035
5035 5034
5034 5033
5033 5032
5032 5031
5031 5030
5030 5029
5029 5028
5028 5027
5027 5026
5026 5025
5025 5024
5024 5023
5023 5022
5022 5021
5021 5020
5020 5019
5019 5018
5018 5017
5017 5016
5016 5015
5015 5014
5014 5013
5013 5012
5012 5011
5011 5010
5010 5009
5009 5008
5008 5007
5007 5006
5006 5005
5005 5004
5004 5003
5003 5002
5002 5001
5001 5065
5064 5063
5063 5062
5062 5061
5061 5060
5060 5059
5059 5058
5058 5057
5057 5056
5056 5055
5055 5054
5054 5053
5053 5052
5052 5051
5051 5050
5050 5049
5049 5048
5048 5047
5047 5046
5046 5045
5045 5044
5044 5043
5043 5042
5042 5041
5041 5040
5040 5039
5039 5038
5038 5037
5037 5036
5036 5035
5035 5034
5034 5033
5033 5032
5032 5031
5031 5030
5030 5029
5029 5028
5028 5027
5027 5026
5026 5025
5025 5024
5024 5023
5023 5022
5022 5021
5021 5020
5020 5019
5019 5018
5018 5017
5017 5016
5016 5015
5015 5014
5014 5013
5013 5012
5012 5011
5011 5010
5010 5009
5009 5008
5008 5007
5007 5006
5006 5005
5005 5004
5004 5003
5003 5002
5002 5001
5001 5066
5065 5064
5064 5063
5063 5062
5062 5061
5061 5060
5060 5059
5059 5058
5058 5057
5057 5056
5056 5055
5055 5054
5054 5053
5053 5052
5052 5051
5051 5050
5050 5049
5049 5048
5048 5047
5047 5046
5046 5045
5045 5044
5044 5043
5043 5042
5042 5041
5041 5040
5040 5039
5039 5038
5038 5037
5037 5036
5036 5035
5035 5034
5034 5033
5033 5032
5032 5031
5031 5030
5030 5029
5029 5028
5028 5027
5027 5026
5026 5025
5025 5024
5024 5023
5023 5022
5022 5021
5021 5020
5020 5019
5019 5018
5018 5017
5017 5016
5016 5015
5015 5014
5014 5013
5013 5012
5012 5011
5011 5010
5010 5009
5009 5008
5008 5007
5007 5006
5006 5005
5005 5004
5004 5003
5003 5002
5002 5001
5001 5067
5066 5065
5065 5064
5064 5063
5063 5062
5062 5061
5061 5060
5060 5059
5059 5058
5058 5057
5057 5056
5056 5055
5055 5054
5054 5053
5053 5052
5052 5051
5051 5050
5050 5049
5049 5048
5048 5047
5047 5046
5046 5045
5045 5044
5044 5043
5043 5042
5042 5041
5041 5040
5040 5039
5039 5038
5038 5037
5037 5036
5036 5035
5035 5034
5034 5033
5033 5032
5032 5031
5031 5030
5030 5029
5029 5028
5028 5027
5027 5026
5026 5025
5025 5024
5024 5023
5023 5022
5022 5021
5021 5020
5020 5019
5019 5018
5018 5017
5017 5016
5016 5015
5015 5014
5014 5013
5013 5012
5012 5011
5011 5010
5010 5009
5009 5008
5008 5007
5007 5006
5006 5005
5005 5004
5004 5003
5003 5002
5002 5001
5001 5068
5067 5066
5066 5065
5065 5064
5064 5063
5063 5062
5062 5061
5061 5060
5060 5059
5059 5058
5058 5057
5057 5056
5056 5055
5055 5054
5054 5053
5053 5052
5052 5051
5051 5050
5050 5049
5049 5048
5048 5047
5047 5046
5046 5045
5045 5044
5044 5043
5043 5042
5042 5041
5041 5040
5040 5039
5039 5038
5038 5037
5037 5036
5036 5035
5035 5034
5034 5033
5033 5032
5032 5031
5031 5030
5030 5029
5029 5028
5028 5027
5027 5026
5026 5025
5025 5024
5024 5023
5023 5022
5022 5021
5021 5020
5020 5019
5019 5018
5018 5017
5017 5016
5016 5015
5015 5014
5014 5013
5013 5012
5012 5011
5011 5010
5010 5009
5009 5008
5008 5007
5007 5006
5006 5005
5005 5004
5004 5003
5003 5002
5002 5001
5001 5069
5068 5067
5067 5066
5066 5065
5065 5064
5064 5063
5063 5062
5062 5061
5061 5060
5060 5059
5059 5058
5058 5057
5057 5056
5056 5055
5055 5054
5054 5053
5053 5052
5052 5051
5051 5050
5050 5049
5049 5048
5048 5047
5047 5046
5046 5045
5045 5044
5044 5043
5043 5042
5042 5041
5041 5040
5040 5039
5039 5038
5038 5037
5037 5036
5036 5035
5035 5034
5034 5033
5033 5032
5032 5031
5031 5030
5030 5029
5029 5028
5028 5027
5027 5026
5026 5025
5025 5024
5024 5023
5023 5022
5022 5021
5021 5020
5020 5019
5019 5018
5018 5017
5017 5016
5016 5015
5015 5014
5014 5013
5013 5012
5012 5011
5011 5010
5010 5009
5009 5008
5008 5007
5007 5006
5006 5005
5005 5004
5004 5003
5003 5002
5002 5001
5001 5070
5069 5068
5068 5067
5067 5066
5066 5065
5065 5064
5064 5063
5063 5062
5062 5061
5061 5060
5060 5059
5059 5058
5058 5057
5057 5056
5056 5055
5055 5054
5054 5053
5053 5052
5052 5051
5051 5050
5050 5049
5049 5048
5048 5047
5047 5046
5046 5045
5045 5044
5044 5043
5043 5042
5042 5041
5041 5040
5040 5039
5039 5038
5038 5037
5037 5036
5036 5035
5035 5034
5034 5033
5033 5032
5032 5031
5031 5030
5030 5029
5029 5028
5028 5027
5027 5026
5026 5025
5025 5024
5024 5023
5023 5022
5022 5021
5021 5020
5020 5019
5019 5018
5018 5017
5017 5016
5016 5015
5015 5014
5014 5013
5013 5012
5012 5011
5011 5010
5010 5009
5009 5008
5008 5007
5007 5006
5006 5005
5005 5004
5004 5003
5003 5002
5002 5001
5001 5071
5070 5069
5069 5068
5068 5067
5067 5066
5066 5065
5065 5064
5064 5063
5063 5062
5062 5061
5061 5060
5060 5059
5059 5058
5058 5057
5057 5056
5056 5055
5055 5054
5054 5053
5053 5052
5052 5051
5051 5050
5050 5049
5049 5048
5048 5047
5047 5046
5046 5045
5045 5044
5044 5043
5043 5042
5042 5041
5041 5040
5040 5039
5039 5038
5038 5037
5037 5036
5036 5035
5035 5034
5034 5033
5033 5032
5032 5031
5031 5030
5030 5029
5029 5028
5028 5027
5027 5026
5026 5025
5025 5024
5024 5023
5023 5022
5022 5021
5021 5020
5020 5019
5019 5018
5018 5017
5017 5016
5016 5015
5015 5014
5014 5013
5013 5012
5012 5011
5011 5010
5010 5009
5009 5008
5008 5007
5007 5006
5006 5005
5005 5004
5004 5003
5003 5002
5002 5001
5001 5072
5071 5070
5070 5069
5069 5068
5068 5067
5067 5066
5066 5065
5065 5064
5064 5063
5063 5062
5062 5061
5061 5060
5060 5059
5059 5058
5058 5057
5057 5056
5056 5055
5055 5054
5054 5053
5053 5052
5052 5051
5051 5050
5050 5049
5049 5048
5048 5047
5047 5046
5046 5045
5045 5044
5044 5043
5043 5042
5042 5041
5041 5040
5040 5039
5039 5038
5038 5037
5037 5036
5036 5035
5035 5034
5034 5033
5033 5032
5032 5031
5031 5030
5030 5029
5029 5028
5028 5027
5027 5026
5026 5025
5025 5024
5024 5023
5023 5022
5022 5021
5021 5020
5020 5019
5019 5018
5018 5017
5017 5016
5016 5015
5015 5014
5014 5013
5013 5012
5012 5011
5011 5010
5010 5009
5009 5008
5008 5007
5007 5006
5006 5005
5005 5004
5004 5003
5003 5002
5002 5001
5001 5073
5072 5071
5071 5070
5070 5069
5069 5068
5068 5067
5067 5066
5066 5065
5065 5064
5064 5063
5063 5062
5062 5061
5061 5060
5060 5059
5059 5058
5058 5057
5057 5056
5056 5055
5055 5054
5054 5053
5053 5052
5052 5051
5051 5050
5050 5049
5049 5048
5048 5047
5047 5046
5046 5045
5045 5044
5044 5043
5043 5042
5042 5041
5041 5040
5040 5039
5039 5038
5038 5037
5037 5036
5036 5035
5035 5034
5034 5033
5033 5032
5032 5031
5031 5030
5030 5029
5029 5028
5028 5027
5027 5026
5026 5025
5025 5024
5024 5023
5023 5022
5022 5021
5021 5020
5020 5019
5019 5018
5018 5017
5017 5016
5016 5015
5015 5014
5014 5013
5013 5012
5012 5011
5011 5010
5010 5009
5009 5008
5008 5007
5007 5006
5006 5005
5005 5004
5004 5003
5003 5002
5002 5001
5001 5074
5073 5072
5072 5071
5071 5070
5070 5069
5069 5068
5068 5067
5067 5066
5066 5065
5065 5064
5064 5063
5063 5062
5062 5061
5061 5060
5060 5059
5059 5058
5058 5057
5057 5056
5056 5055
5055 5054
5054 5053
5053 5052
5052 5051
5051 5050
5050 5049
5049 5048
5048 5047
5047 5046
5046 5045
5045 5044
5044 5043
5043 5042
5042 5041
5041 5040
5040 5039
5039 5038
5038 5037
5037 5036
5036 5035
5035 5034
5034 5033
5033 5032
5032 5031
5031 5030
5030 5029
5029 5028
5028 5027
5027 5026
5026 5025
5025 5024
5024 5023
5023 5022
5022 5021
5021 5020
5020 5019
5019 5018
5018 5017
5017 5016
5016 5015
5015 5014
5014 5013
5013 5012
5012 5011
5011 5010
5010 5009
5009 5008
5008 5007
5007 5006
5006 5005
5005 5004
5004 5003
5003 5002
5002 5001
5001 5075
5074 5073
5073 5072
5072 5071
5071 5070
5070 5069
5069 5068
5068 5067
5067 5066
5066 5065
5065 5064
5064 5063
5063 5062
5062 5061
5061 5060
5060 5059
5059 5058
5058 5057
5057 5056
5056 5055
5055 5054
5054 5053
5053 5052
5052 5051
5051 5050
5050 5049
5049 5048
5048 5047
5047 5046
5046 5045
5045 5044
5044 5043
5043 5042
5042 5041
5041 5040
5040 5039
5039 5038
5038 5037
5037 5036
5036 5035
5035 5034
5034 5033
5033 5032
5032 5031
5031 5030
5030 5029
5029 5028
5028 5027
5027 5026
5026 5025
5025 5024
5024 5023
5023 5022
5022 5021
5021 5020
5020 5019
5019 5018
5018 5017
5017 5016
5016 5015
5015 5014
5014 5013
5013 5012
5012 5011
5011 5010
5010 5009
5009 5008
5008 5007
5007 5006
5006 5005
5005 5004
5004 5003
5003 5002
5002 5001
5001 5076
5075 5074
5074 5073
5073 5072
5072 5071
5071 5070
5070 5069
5069 5068
5068 5067
5067 5066
5066 5065
5065 5064
5064 5063
5063 5062
5062 5061
5061 5060
5060 5059
5059 5058
5058 5057
5057 5056
5056 5055
5055 5054
5054 5053
5053 5052
5052 5051
5051 5050
5050 5049
5049 5048
5048 5047
5047 5046
5046 5045
5045 5044
5044 5043
5043 5042
5042 5041
5041 5040
5040 5039
5039 5038
5038 5037
5037 5036
5036 5035
5035 5034
5034 5033
5033 5032
5032 5031
5031 5030
5030 5029
5029 5028
5028 5027
5027 5026
5026 5025
5025 5024
5024 5023
5023 5022
5022 5021
5021 5020
5020 5019
5019 5018
5018 5017
5017 5016
5016 5015
5015 5014
5014 5013
5013 5012
5012 5011
5011 5010
5010 5009
5009 5008
5008 5007
5007 5006
5006 5005
5005 5004
5004 5003
5003 5002
5002 5001
5001 5077
5076 5075
5075 5074
5074 5073
5073 5072
5072 5071
5071 5070
5070 5069
5069 5068
5068 5067
5067 5066
5066 5065
5065 5064
5064 5063
5063 5062
5062 5061
5061 5060
5060 5059
5059 5058
5058 5057
5057 5056
5056 5055
5055 5054
5054 5053
5053 5052
5052 5051
5051 5050
5050 5049
5049 5048
5048 5047
5047 5046
5046 5045
5045 5044
5044 5043
5043 5042
5042 5041
5041 5040
5040 5039
5039 5038
5038 5037
5037 5036
5036 5035
5035 5034
5034 5033
5033 5032
5032 5031
5031 5030
5030 5029
5029 5028
5028 5027
5027 5026
5026 5025
5025 5024
5024 5023
5023 5022
5022 5021
5021 5020
5020 5019
5019 5018
5018 5017
5017 5016
5016 5015
5015 5014
5014 5013
5013 5012
5012 5011
5011 5010
5010 5009
5009 5008
5008 5007
5007 5006
5006 5005
5005 5004
5004 5003
5003 5002
5002 5001
5001 5078
5077 5076
5076 5075
5075 5074
5074 5073
5073 5072
5072 5071
5071 5070
5070 5069
5069 5068
5068 5067
5067 5066
5066 5065
5065 5064
5064 5063
5063 5062
5062 5061
5061 5060
5060 5059
5059 5058
5058 5057
5057 5056
5056 5055
5055 5054
5054 5053
5053 5052
5052 5051
5051 5050
5050 5049
5049 5048
5048 5047
5047 5046
5046 5045
5045 5044
5044 5043
5043 5042
5042 5041
5041 5040
5040 5039
5039 5038
5038 5037
5037 5036
5036 5035
5035 5034
5034 5033
5033 5032
5032 5031
5031 5030
5030 5029
5029 5028
5028 5027
5027 5026
5026 5025
5025 5024
5024 5023
5023 5022
5022 5021
5021 5020
5020 5019
5019 5018
5018 5017
5017 5016
5016 5015
5015 5014
5014 5013
5013 5012
5012 5011
5011 5010
5010 5009
5009 5008
5008 5007
5007 5006
5006 5005
5005 5004
5004 5003
5003 5002
5002 5001
5001 5079
5078 5077
5077 5076
5076 5075
5075 5074
5074 5073
5073 5072
5072 5071
5071 5070
5070 5069
5069 5068
5068 5067
5067 5066
5066 5065
5065 5064
5064 5063
5063 5062
5062 5061
5061 5060
5060 5059
5059 5058
5058 5057
5057 5056
5056 5055
5055 5054
5054 5053
5053 5052
5052 5051
5051 5050
5050 5049
5049 5048
5048 5047
5047 5046
5046 5045
5045 5044
5044 5043
5043 5042
5042 5041
5041 5040
5040 5039
5039 5038
5038 5037
5037 5036
5036 5035
5035 5034
5034 5033
5033 5032
5032 5031
5031 5030
5030 5029
5029 5028
5028 5027
5027 5026
5026 5025
5025 5024
5024 5023
5023 5022
5022 5021
5021 5020
5020 5019
5019 5018
5018 5017
5017 5016
5016 5015
5015 5014
5014 5013
5013 5012
5012 5011
5011 5010
5010 5009
5009 5008
5008 5007
5007 5006
5006 5005
5005 5004
5004 5003
5003 5002
5002 5001
5001 5080
5079 5078
5078 5077
5077 5076
5076 5075
5075 5074
5074 5073
5073 5072
5072 5071
5071 5070
5070 5069
5069 5068
5068 5067
5067 5066
5066 5065
5065 5064
5064 5063
5063 5062
5062 5061
5061 5060
5060 5059
5059 5058
5058 5057
5057 5056
5056 5055
5055 5054
5054 5053
5053 5052
5052 5051
5051 5050
5050 5049
5049 5048
5048 5047
5047 5046
5046 5045
5045 5044
5044 5043
5043 5042
5042 5041
5041 5040
5040 5039
5039 5038
5038 5037
5037 5036
5036 5035
5035 5034
5034 5033
5033 5032
5032 5031
5031 5030
5030 5029
5029 5028
5028 5027
5027 5026
5026 5025
5025 5024
5024 5023
5023 5022
5022 5021
5021 5020
5020 5019
5019 5018
5018 5017
5017 5016
5016 5015
5015 5014
5014 5013
5013 5012
5012 5011
5011 5010
5010 5009
5009 5008
5008 5007
5007 5006
5006 5005
5005 5004
5004 5003
5003 5002
5002 5001
5001 5081
5080 5079
5079 5078
5078 5077
5077 5076
5076 5075
5075 5074
5074 5073
5073 5072
5072 5071
5071 5070
5070 5069
5069 5068
5068 5067
5067 5066
5066 5065
5065 5064
5064 5063
5063 5062
5062 5061
5061 5060
5060 5059
5059 5058
5058 5057
5057 5056
5056 5055
5055 5054
5054 5053
5053 5052
5052 5051
5051 5050
5050 5049
5049 5048
5048 5047
5047 5046
5046 5045
5045 5044
5044 5043
5043 5042
5042 5041
5041 5040
5040 5039
5039 5038
5038 5037
5037 5036
5036 5035
5035 5034
5034 5033
5033 5032
5032 5031
5031 5030
5030 5029
5029 5028
5028 5027
5027 5026
5026 5025
5025 5024
5024 5023
5023 5022
5022 5021
5021 5020
5020 5019
5019 5018
5018 5017
5017 5016
5016 5015
5015 5014
5014 5013
5013 5012
5012 5011
5011 5010
5010 5009
5009 5008
5008 5007
5007 5006
5006 5005
5005 5004
5004 5003
5003 5002
5002 5001
5001 5082
5081 5080
5080 5079
5079 5078
5078 5077
5077 5076
5076 5075
5075 5074
5074 5073
5073 5072
5072 5071
5071 5070
5070 5069
5069 5068
5068 5067
5067 5066
5066 5065
5065 5064
5064 5063
5063 5062
5062 5061
5061 5060
5060 5059
5059 5058
5058 5057
5057 5056
5056 5055
5055 5054
5054 5053
5053 5052
5052 5051
5051 5050
5050 5049
5049 5048
5048 5047
5047 5046
5046 5045
5045 5044
5044 5043
5043 5042
5042 5041
5041 5040
5040 5039
5039 5038
5038 5037
5037 5036
5036 5035
5035 5034
5034 5033
5033 5032
5032 5031
5031 5030
5030 5029
5029 5028
5028 5027
5027 5026
5026 5025
5025 5024
5024 5023
5023 5022
5022 5021
5021 5020
5020 5019
5019 5018
5018 5017
5017 5016
5016 5015
5015 5014
5014 5013
5013 5012
5012 5011
5011 5010
5010 5009
5009 5008
5008 5007
5007 5006
5006 5005
5005 5004
5004 5003
5003 5002
5002 5001
5001 5083
5082 5081
5081 5080
5080 5079
5079 5078
5078 5077
5077 5076
5076 5075
5075 5074
5074 5073
5073 5072
5072 5071
5071 5070
5070 5069
5069 5068
5068 5067
5067 5066
5066 5065
5065 5064
5064 5063
5063 5062
5062 5061
5061 5060
5060 5059
5059 5058
5058 5057
5057 5056
5056 5055
5055 5054
5054 5053
5053 5052
5052 5051
5051 5050
5050 5049
5049 5048
5048 5047
5047 5046
5046 5045
5045 5044
5044 5043
5043 5042
5042 5041
5041 5040
5040 5039
5039 5038
5038 5037
5037 5036
5036 5035
5035 5034
5034 5033
5033 5032
5032 5031
5031 5030
5030 5029
5029 5028
5028 5027
5027 5026
5026 5025
5025 5024
5024 5023
5023 5022
5022 5021
5021 5020
5020 5019
5019 5018
5018 5017
5017 5016
5016 5015
5015 5014
5014 5013
5013 5012
5012 5011
5011 5010
5010 5009
5009 5008
5008 5007
5007 5006
5006 5005
5005 5004
5004 5003
5003 5002
5002 5001
5001 5084
5083 5082
5082 5081
5081 5080
5080 5079
5079 5078
5078 5077
5077 5076
5076 5075
5075 5074
5074 5073
5073 5072
5072 5071
5071 5070
5070 5069
5069 5068
5068 5067
5067 5066
5066 5065
5065 5064
5064 5063
5063 5062
5062 5061
5061 5060
5060 5059
5059 5058
5058 5057
5057 5056
5056 5055
5055 5054
5054 5053
5053 5052
5052 5051
5051 5050
5050 5049
5049 5048
5048 5047
5047 5046
5046 5045
5045 5044
5044 5043
5043 5042
5042 5041
5041 5040
5040 5039
5039 5038
5038 5037
5037 5036
5036 5035
5035 5034
5034 5033
5033 5032
5032 5031
5031 5030
5030 5029
5029 5028
5028 5027
5027 5026
5026 5025
5025 5024
5024 5023
5023 5022
5022 5021
5021 5020
5020 5019
5019 5018
5018 5017
5017 5016
5016 5015
5015 5014
5014 5013
5013 5012
5012 5011
5011 5010
5010 5009
5009 5008
5008 5007
5007 5006
5006 5005
5005 5004
5004 5003
5003 5002
5002 5001
5001 5085
5084 5083
5083 5082
5082 5081
5081 5080
5080 5079
5079 5078
5078 5077
5077 5076
5076 5075
5075 5074
5074 5073
5073 5072
5072 5071
5071 5070
5070 5069
5069 5068
5068 5067
5067 5066
5066 5065
5065 5064
5064 5063
5063 5062
5062 5061
5061 5060
5060 5059
5059 5058
5058 5057
5057 5056
5056 5055
5055 5054
5054 5053
5053 5052
5052 5051
5051 5050
5050 5049
5049 5048
5048 5047
5047 5046
5046 5045
5045 5044
5044 5043
5043 5042
5042 5041
5041 5040
5040 5039
5039 5038
5038 5037
5037 5036
5036 5035
5035 5034
5034 5033
5033 5032
5032 5031
5031 5030
5030 5029
5029 5028
5028 5027
5027 5026
5026 5025
5025 5024
5024 5023
5023 5022
5022 5021
5021 5020
5020 5019
5019 5018
5018 5017
5017 5016
5016 5015
5015 5014
5014 5013
5013 5012
5012 5011
5011 5010
5010 5009
5009 5008
5008 5007
5007 5006
5006 5005
5005 5004
5004 5003
5003 5002
5002 5001
5001 5086
5085 5084
5084 5083
5083 5082
5082 5081
5081 5080
5080 5079
5079 5078
5078 5077
5077 5076
5076 5075
5075 5074
5074 5073
5073 5072
5072 5071
5071 5070
5070 5069
5069 5068
5068 5067
5067 5066
5066 5065
5065 5064
5064 5063
5063 5062
5062 5061
5061 5060
5060 5059
5059 5058
5058 5057
5057 5056
5056 5055
5055 5054
5054 5053
5053 5052
5052 5051
5051 5050
5050 5049
5049 5048
5048 5047
5047 5046
5046 5045
5045 5044
5044 5043
5043 5042
5042 5041
5041 5040
5040 5039
5039 5038
5038 5037
5037 5036
5036 5035
5035 5034
5034 5033
5033 5032
5032 5031
5031 5030
5030 5029
5029 5028
5028 5027
5027 5026
5026 5025
5025 5024
5024 5023
5023 5022
5022 5021
5021 5020
5020 5019
5019 5018
5018 5017
5017 5016
5016 5015
5015 5014
5014 5013
5013 5012
5012 5011
5011 5010
5010 5009
5009 5008
5008 5007
5007 5006
5006 5005
5005 5004
5004 5003
5003 5002
5002 5001
5001 5087
5086 5085
5085 5084
5084 5083
5083 5082
5082 5081
5081 5080
5080 5079
5079 5078
5078 5077
5077 5076
5076 5075
5075 5074
5074 5073
5073 5072
5072 5071
5071 5070
5070 5069
5069 5068
5068 5067
5067 5066
5066 5065
5065 5064
5064 5063
5063 5062
5062 5061
5061 5060
5060 5059
5059 5058
5058 5057
5057 5056
5056 5055
5055 5054
5054 5053
5053 5052
5052 5051
5051 5050
5050 5049
5049 5048
5048 5047
5047 5046
5046 5045
5045 5044
5044 5043
5043 5042
5042 5041
5041 5040
5040 5039
5039 5038
5038 5037
5037 5036
5036 5035
5035 5034
5034 5033
5033 5032
5032 5031
5031 5030
5030 5029
5029 5028
5028 5027
5027 5026
5026 5025
5025 5024
5024 5023
5023 5022
5022 5021
5021 5020
5020 5019
5019 5018
5018 5017
5017 5016
5016 5015
5015 5014
5014 5013
5013 5012
5012 5011
5011 5010
5010 5009
5009 5008
5008 5007
5007 5006
5006 5005
5005 5004
5004 5003
5003 5002
5002 5001
5001 5088
5087 5086
5086 5085
5085 5084
5084 5083
5083 5082
5082 5081
5081 5080
5080 5079
5079 5078
5078 5077
5077 5076
5076 5075
5075 5074
5074 5073
5073 5072
5072 5071
5071 5070
5070 5069
5069 5068
5068 5067
5067 5066
5066 5065
5065 5064
5064 5063
5063 5062
5062 5061
5061 5060
5060 5059
5059 5058
5058 5057
5057 5056
5056 5055
5055 5054
5054 5053
5053 5052
5052 5051
5051 5050
5050 5049
5049 5048
5048 5047
5047 5046
5046 5045
5045 5044
5044 5043
5043 5042
5042 5041
5041 5040
5040 5039
5039 5038
5038 5037
5037 5036
5036 5035
5035 5034
5034 5033
5033 5032
5032 5031
5031 5030
5030 5029
5029 5028
5028 5027
5027 5026
5026 5025
5025 5024
5024 5023
5023 5022
5022 5021
5021 5020
5020 5019
5019 5018
5018 5017
5017 5016
5016 5015
5015 5014
5014 5013
5013 5012
5012 5011
5011 5010
5010 5009
5009 5008
5008 5007
5007 5006
5006 5005
5005 5004
5004 5003
5003 5002
5002 5001
5001 5089
5088 5087
5087 5086
5086 5085
5085 5084
5084 5083
5083 5082
5082 5081
5081 5080
5080 5079
5079 5078
5078 5077
5077 5076
5076 5075
5075 5074
5074 5073
5073 5072
5072 5071
5071 5070
5070 5069
5069 5068
5068 5067
5067 5066
5066 5065
5065 5064
5064 5063
5063 5062
5062 5061
5061 5060
5060 5059
5059 5058
5058 5057
5057 5056
5056 5055
5055 5054
5054 5053
5053 5052
5052 5051
5051 5050
5050 5049
5049 5048
5048 5047
5047 5046
5046 5045
5045 5044
5044 5043
5043 5042
5042 5041
5041 5040
5040 5039
5039 5038
5038 5037
5037 5036
5036 5035
5035 5034
5034 5033
5033 5032
5032 5031
5031 5030
5030 5029
5029 5028
5028 5027
5027 5026
5026 5025
5025 5024
5024 5023
5023 5022
5022 5021
5021 5020
5020 5019
5019 5018
5018 5017
5017 5016
5016 5015
5015 5014
5014 5013
5013 5012
5012 5011
5011 5010
5010 5009
5009 5008
5008 5007
5007 5006
5006 5005
5005 5004
5004 5003
5003 5002
5002 5001
5001 5090
5089 5088
5088 5087
5087 5086
5086 5085
5085 5084
5084 5083
5083 5082
5082 5081
5081 5080
5080 5079
5079 5078
5078 5077
5077 5076
5076 5075
5075 5074
5074 5073
5073 5072
5072 5071
5071 5070
5070 5069
5069 5068
5068 5067
5067 5066
5066 5065
5065 5064
5064 5063
5063 5062
5062 5061
5061 5060
5060 5059
5059 5058
5058 5057
5057 5056
5056 5055
5055 5054
5054 5053
5053 5052
5052 5051
5051 5050
5050 5049
5049 5048
5048 5047
5047 5046
5046 5045
5045 5044
5044 5043
5043 5042
5042 5041
5041 5040
5040 5039
5039 5038
5038 5037
5037 5036
5036 5035
5035 5034
5034 5033
5033 5032
5032 5031
5031 5030
5030 5029
5029 5028
5028 5027
5027 5026
5026 5025
5025 5024
5024 5023
5023 5022
5022 5021
5021 5020
5020 5019
5019 5018
5018 5017
5017 5016
5016 5015
5015 5014
5014 5013
5013 5012
5012 5011
5011 5010
5010 5009
5009 5008
5008 5007
5007 5006
5006 5005
5005 5004
5004 5003
5003 5002
5002 5001
5001 5091
5090 5089
5089 5088
5088 5087
5087 5086
5086 5085
5085 5084
5084 5083
5083 5082
5082 5081
5081 5080
5080 5079
5079 5078
5078 5077
5077 5076
5076 5075
5075 5074
5074 5073
5073 5072
5072 5071
5071 5070
5070 5069
5069 5068
5068 5067
5067 5066
5066 5065
5065 5064
5064 5063
5063 5062
5062 5061
5061 5060
5060 5059
5059 5058
5058 5057
5057 5056
5056 5055
5055 5054
5054 5053
5053 5052
5052 5051
5051 5050
5050 5049
5049 5048
5048 5047
5047 5046
5046 5045
5045 5044
5044 5043
5043 5042
5042 5041
5041 5040
5040 5039
5039 5038
5038 5037
5037 5036
5036 5035
5035 5034
5034 5033
5033 5032
5032 5031
5031 5030
5030 5029
5029 5028
5028 5027
5027 5026
5026 5025
5025 5024
5024 5023
5023 5022
5022 5021
5021 5020
5020 5019
5019 5018
5018 5017
5017 5016
5016 5015
5015 5014
5014 5013
5013 5012
5012 5011
5011 5010
5010 5009
5009 5008
5008 5007
5007 5006
5006 5005
5005 5004
5004 5003
5003 5002
5002 5001
5001 5092
5091 5090
5090 5089
5089 5088
5088 5087
5087 5086
5086 5085
5085 5084
5084 5083
5083 5082
5082 5081
5081 5080
5080 5079
5079 5078
5078 5077
5077 5076
5076 5075
5075 5074
5074 5073
5073 5072
5072 5071
5071 5070
5070 5069
5069 5068
5068 5067
5067 5066
5066 5065
5065 5064
5064 5063
5063 5062
5062 5061
5061 5060
5060 5059
5059 5058
5058 5057
5057 5056
5056 5055
5055 5054
5054 5053
5053 5052
5052 5051
5051 5050
5050 5049
5049 5048
5048 5047
5047 5046
5046 5045
5045 5044
5044 5043
5043 5042
5042 5041
5041 5040
5040 5039
5039 5038
5038 5037
5037 5036
5036 5035
5035 5034
5034 5033
5033 5032
5032 5031
5031 5030
5030 5029
5029 5028
5028 5027
5027 5026
5026 5025
5025 5024
5024 5023
5023 5022
5022 5021
5021 5020
5020 5019
5019 5018
5018 5017
5017 5016
5016 5015
5015 5014
5014 5013
5013 5012
5012 5011
5011 5010
5010 5009
5009 5008
5008 5007
5007 5006
5006 5005
5005 5004
5004 5003
5003 5002
5002 5001
5001 5093
5092 5091
5091 5090
5090 5089
5089 5088
5088 5087
5087 5086
5086 5085
5085 5084
5084 5083
5083 5082
5082 5081
5081 5080
5080 5079
5079 5078
5078 5077
5077 5076
5076 5075
5075 5074
5074 5073
5073 5072
5072 5071
5071 5070
5070 5069
5069 5068
5068 5067
5067 5066
5066 5065
5065 5064
5064 5063
5063 5062
5062 5061
5061 5060
5060 5059
5059 5058
5058 5057
5057 5056
5056 5055
5055 5054
5054 5053
5053 5052
5052 5051
5051 5050
5050 5049
5049 5048
5048 5047
5047 5046
5046 5045
5045 5044
5044 5043
5043 5042
5042 5041
5041 5040
5040 5039
5039 5038
5038 5037
5037 5036
5036 5035
5035 5034
5034 5033
5033 5032
5032 5031
5031 5030
5030 5029
5029 5028
5028 5027
5027 5026
5026 5025
5025 5024
5024 5023
5023 5022
5022 5021
5021 5020
5020 5019
5019 5018
5018 5017
5017 5016
5016 5015
5015 5014
5014 5013
5013 5012
5012 5011
5011 5010
5010 5009
5009 5008
5008 5007
5007 5006
5006 5005
5005 5004
5004 5003
5003 5002
5002 5001
