530
321 1000
255 1000
501 502
501 503
502 501
501 504
503 502
502 501
501 505
504 503
503 502
502 501
501 506
505 504
504 503
503 502
502 501
501 507
506 505
505 504
504 503
503 502
502 501
501 508
507 506
506 505
505 504
504 503
503 502
502 501
501 509
508 507
507 506
506 505
505 504
504 503
503 502
502 501
501 510
509 508
508 507
507 506
506 505
505 504
504 503
503 502
502 501
501 511
510 509
509 508
508 507
507 506
506 505
505 504
504 503
503 502
502 501
501 512
511 510
510 509
509 508
508 507
507 506
506 505
505 504
504 503
503 502
502 501
501 513
512 511
511 510
510 509
509 508
508 507
507 506
506 505
505 504
504 503
503 502
502 501
501 514
513 512
512 511
511 510
510 509
509 508
508 507
507 506
506 505
505 504
504 503
503 502
502 501
501 515
514 513
513 512
512 511
511 510
510 509
509 508
508 507
507 506
506 505
505 504
504 503
503 502
502 501
501 516
515 514
514 513
513 512
512 511
511 510
510 509
509 508
508 507
507 506
506 505
505 504
504 503
503 502
502 501
501 517
516 515
515 514
514 513
513 512
512 511
511 510
510 509
509 508
508 507
507 506
506 505
505 504
504 503
503 502
502 501
501 518
517 516
516 515
515 514
514 513
513 512
512 511
511 510
510 509
509 508
508 507
507 506
506 505
505 504
504 503
503 502
502 501
501 519
518 517
517 516
516 515
515 514
514 513
513 512
512 511
511 510
510 509
509 508
508 507
507 506
506 505
505 504
504 503
503 502
502 501
501 520
519 518
518 517
517 516
516 515
515 514
514 513
513 512
512 511
511 510
510 509
509 508
508 507
507 506
506 505
505 504
504 503
503 502
502 501
501 521
520 519
519 518
518 517
517 516
516 515
515 514
514 513
513 512
512 511
511 510
510 509
509 508
508 507
507 506
506 505
505 504
504 503
503 502
502 501
501 522
521 520
520 519
519 518
518 517
517 516
516 515
515 514
514 513
513 512
512 511
511 510
510 509
509 508
508 507
507 506
506 505
505 504
504 503
503 502
502 501
501 523
522 521
521 520
520 519
519 518
518 517
517 516
516 515
515 514
514 513
513 512
512 511
511 510
510 509
509 508
508 507
507 506
506 505
505 504
504 503
503 502
502 501
501 524
523 522
522 521
521 520
520 519
519 518
518 517
517 516
516 515
515 514
514 513
513 512
512 511
511 510
510 509
509 508
508 507
507 506
506 505
505 504
504 503
503 502
502 501
501 525
524 523
523 522
522 521
521 520
520 519
519 518
518 517
517 516
516 515
515 514
514 513
513 512
512 511
511 510
510 509
509 508
508 507
507 506
506 505
505 504
504 503
503 502
502 501
501 526
525 524
524 523
523 522
522 521
521 520
520 519
519 518
518 517
517 516
516 515
515 514
514 513
513 512
512 511
511 510
510 509
509 508
508 507
507 506
506 505
505 504
504 503
503 502
502 501
501 527
526 525
525 524
524 523
523 522
522 521
521 520
520 519
519 518
518 517
517 516
516 515
515 514
514 513
513 512
512 511
511 510
510 509
509 508
508 507
507 506
506 505
505 504
504 503
503 502
502 501
501 528
527 526
526 525
525 524
524 523
523 522
522 521
521 520
520 519
519 518
518 517
517 516
516 515
515 514
514 513
513 512
512 511
511 510
510 509
509 508
508 507
507 506
506 505
505 504
504 503
503 502
502 501
501 529
528 527
527 526
526 525
525 524
524 523
523 522
522 521
521 520
520 519
519 518
518 517
517 516
516 515
515 514
514 513
513 512
512 511
511 510
510 509
509 508
508 507
507 506
506 505
505 504
504 503
503 502
502 501
501 530
529 528
528 527
527 526
526 525
525 524
524 523
523 522
522 521
521 520
520 519
519 518
518 517
517 516
516 515
515 514
514 513
513 512
512 511
511 510
510 509
509 508
508 507
507 506
506 505
505 504
504 503
503 502
502 501
501 531
530 529
529 528
528 527
527 526
526 525
525 524
524 523
523 522
522 521
521 520
520 519
519 518
518 517
517 516
516 515
515 514
514 513
513 512
512 511
511 510
510 509
509 508
508 507
507 506
506 505
505 504
504 503
503 502
502 501
501 532
531 530
530 529
529 528
528 527
527 526
526 525
525 524
524 523
523 522
522 521
521 520
520 519
519 518
518 517
517 516
516 515
515 514
514 513
513 512
512 511
511 510
510 509
509 508
508 507
507 506
506 505
505 504
504 503
503 502
502 501
501 533
532 531
531 530
530 529
529 528
528 527
527 526
526 525
525 524
524 523
523 522
522 521
521 520
520 519
519 518
518 517
517 516
516 515
515 514
514 513
513 512
512 511
511 510
510 509
509 508
508 507
507 506
506 505
505 504
504 503
503 502
502 501
