5567
3585 8888
2089 8888
4445 4446
4445 4447
4446 4445
4445 4448
4447 4446
4446 4445
4445 4449
4448 4447
4447 4446
4446 4445
4445 4450
4449 4448
4448 4447
4447 4446
4446 4445
4445 4451
4450 4449
4449 4448
4448 4447
4447 4446
4446 4445
4445 4452
4451 4450
4450 4449
4449 4448
4448 4447
4447 4446
4446 4445
4445 4453
4452 4451
4451 4450
4450 4449
4449 4448
4448 4447
4447 4446
4446 4445
4445 4454
4453 4452
4452 4451
4451 4450
4450 4449
4449 4448
4448 4447
4447 4446
4446 4445
4445 4455
4454 4453
4453 4452
4452 4451
4451 4450
4450 4449
4449 4448
4448 4447
4447 4446
4446 4445
4445 4456
4455 4454
4454 4453
4453 4452
4452 4451
4451 4450
4450 4449
4449 4448
4448 4447
4447 4446
4446 4445
4445 4457
4456 4455
4455 4454
4454 4453
4453 4452
4452 4451
4451 4450
4450 4449
4449 4448
4448 4447
4447 4446
4446 4445
4445 4458
4457 4456
4456 4455
4455 4454
4454 4453
4453 4452
4452 4451
4451 4450
4450 4449
4449 4448
4448 4447
4447 4446
4446 4445
4445 4459
4458 4457
4457 4456
4456 4455
4455 4454
4454 4453
4453 4452
4452 4451
4451 4450
4450 4449
4449 4448
4448 4447
4447 4446
4446 4445
4445 4460
4459 4458
4458 4457
4457 4456
4456 4455
4455 4454
4454 4453
4453 4452
4452 4451
4451 4450
4450 4449
4449 4448
4448 4447
4447 4446
4446 4445
4445 4461
4460 4459
4459 4458
4458 4457
4457 4456
4456 4455
4455 4454
4454 4453
4453 4452
4452 4451
4451 4450
4450 4449
4449 4448
4448 4447
4447 4446
4446 4445
4445 4462
4461 4460
4460 4459
4459 4458
4458 4457
4457 4456
4456 4455
4455 4454
4454 4453
4453 4452
4452 4451
4451 4450
4450 4449
4449 4448
4448 4447
4447 4446
4446 4445
4445 4463
4462 4461
4461 4460
4460 4459
4459 4458
4458 4457
4457 4456
4456 4455
4455 4454
4454 4453
4453 4452
4452 4451
4451 4450
4450 4449
4449 4448
4448 4447
4447 4446
4446 4445
4445 4464
4463 4462
4462 4461
4461 4460
4460 4459
4459 4458
4458 4457
4457 4456
4456 4455
4455 4454
4454 4453
4453 4452
4452 4451
4451 4450
4450 4449
4449 4448
4448 4447
4447 4446
4446 4445
4445 4465
4464 4463
4463 4462
4462 4461
4461 4460
4460 4459
4459 4458
4458 4457
4457 4456
4456 4455
4455 4454
4454 4453
4453 4452
4452 4451
4451 4450
4450 4449
4449 4448
4448 4447
4447 4446
4446 4445
4445 4466
4465 4464
4464 4463
4463 4462
4462 4461
4461 4460
4460 4459
4459 4458
4458 4457
4457 4456
4456 4455
4455 4454
4454 4453
4453 4452
4452 4451
4451 4450
4450 4449
4449 4448
4448 4447
4447 4446
4446 4445
4445 4467
4466 4465
4465 4464
4464 4463
4463 4462
4462 4461
4461 4460
4460 4459
4459 4458
4458 4457
4457 4456
4456 4455
4455 4454
4454 4453
4453 4452
4452 4451
4451 4450
4450 4449
4449 4448
4448 4447
4447 4446
4446 4445
4445 4468
4467 4466
4466 4465
4465 4464
4464 4463
4463 4462
4462 4461
4461 4460
4460 4459
4459 4458
4458 4457
4457 4456
4456 4455
4455 4454
4454 4453
4453 4452
4452 4451
4451 4450
4450 4449
4449 4448
4448 4447
4447 4446
4446 4445
4445 4469
4468 4467
4467 4466
4466 4465
4465 4464
4464 4463
4463 4462
4462 4461
4461 4460
4460 4459
4459 4458
4458 4457
4457 4456
4456 4455
4455 4454
4454 4453
4453 4452
4452 4451
4451 4450
4450 4449
4449 4448
4448 4447
4447 4446
4446 4445
4445 4470
4469 4468
4468 4467
4467 4466
4466 4465
4465 4464
4464 4463
4463 4462
4462 4461
4461 4460
4460 4459
4459 4458
4458 4457
4457 4456
4456 4455
4455 4454
4454 4453
4453 4452
4452 4451
4451 4450
4450 4449
4449 4448
4448 4447
4447 4446
4446 4445
4445 4471
4470 4469
4469 4468
4468 4467
4467 4466
4466 4465
4465 4464
4464 4463
4463 4462
4462 4461
4461 4460
4460 4459
4459 4458
4458 4457
4457 4456
4456 4455
4455 4454
4454 4453
4453 4452
4452 4451
4451 4450
4450 4449
4449 4448
4448 4447
4447 4446
4446 4445
4445 4472
4471 4470
4470 4469
4469 4468
4468 4467
4467 4466
4466 4465
4465 4464
4464 4463
4463 4462
4462 4461
4461 4460
4460 4459
4459 4458
4458 4457
4457 4456
4456 4455
4455 4454
4454 4453
4453 4452
4452 4451
4451 4450
4450 4449
4449 4448
4448 4447
4447 4446
4446 4445
4445 4473
4472 4471
4471 4470
4470 4469
4469 4468
4468 4467
4467 4466
4466 4465
4465 4464
4464 4463
4463 4462
4462 4461
4461 4460
4460 4459
4459 4458
4458 4457
4457 4456
4456 4455
4455 4454
4454 4453
4453 4452
4452 4451
4451 4450
4450 4449
4449 4448
4448 4447
4447 4446
4446 4445
4445 4474
4473 4472
4472 4471
4471 4470
4470 4469
4469 4468
4468 4467
4467 4466
4466 4465
4465 4464
4464 4463
4463 4462
4462 4461
4461 4460
4460 4459
4459 4458
4458 4457
4457 4456
4456 4455
4455 4454
4454 4453
4453 4452
4452 4451
4451 4450
4450 4449
4449 4448
4448 4447
4447 4446
4446 4445
4445 4475
4474 4473
4473 4472
4472 4471
4471 4470
4470 4469
4469 4468
4468 4467
4467 4466
4466 4465
4465 4464
4464 4463
4463 4462
4462 4461
4461 4460
4460 4459
4459 4458
4458 4457
4457 4456
4456 4455
4455 4454
4454 4453
4453 4452
4452 4451
4451 4450
4450 4449
4449 4448
4448 4447
4447 4446
4446 4445
4445 4476
4475 4474
4474 4473
4473 4472
4472 4471
4471 4470
4470 4469
4469 4468
4468 4467
4467 4466
4466 4465
4465 4464
4464 4463
4463 4462
4462 4461
4461 4460
4460 4459
4459 4458
4458 4457
4457 4456
4456 4455
4455 4454
4454 4453
4453 4452
4452 4451
4451 4450
4450 4449
4449 4448
4448 4447
4447 4446
4446 4445
4445 4477
4476 4475
4475 4474
4474 4473
4473 4472
4472 4471
4471 4470
4470 4469
4469 4468
4468 4467
4467 4466
4466 4465
4465 4464
4464 4463
4463 4462
4462 4461
4461 4460
4460 4459
4459 4458
4458 4457
4457 4456
4456 4455
4455 4454
4454 4453
4453 4452
4452 4451
4451 4450
4450 4449
4449 4448
4448 4447
4447 4446
4446 4445
4445 4478
4477 4476
4476 4475
4475 4474
4474 4473
4473 4472
4472 4471
4471 4470
4470 4469
4469 4468
4468 4467
4467 4466
4466 4465
4465 4464
4464 4463
4463 4462
4462 4461
4461 4460
4460 4459
4459 4458
4458 4457
4457 4456
4456 4455
4455 4454
4454 4453
4453 4452
4452 4451
4451 4450
4450 4449
4449 4448
4448 4447
4447 4446
4446 4445
4445 4479
4478 4477
4477 4476
4476 4475
4475 4474
4474 4473
4473 4472
4472 4471
4471 4470
4470 4469
4469 4468
4468 4467
4467 4466
4466 4465
4465 4464
4464 4463
4463 4462
4462 4461
4461 4460
4460 4459
4459 4458
4458 4457
4457 4456
4456 4455
4455 4454
4454 4453
4453 4452
4452 4451
4451 4450
4450 4449
4449 4448
4448 4447
4447 4446
4446 4445
4445 4480
4479 4478
4478 4477
4477 4476
4476 4475
4475 4474
4474 4473
4473 4472
4472 4471
4471 4470
4470 4469
4469 4468
4468 4467
4467 4466
4466 4465
4465 4464
4464 4463
4463 4462
4462 4461
4461 4460
4460 4459
4459 4458
4458 4457
4457 4456
4456 4455
4455 4454
4454 4453
4453 4452
4452 4451
4451 4450
4450 4449
4449 4448
4448 4447
4447 4446
4446 4445
4445 4481
4480 4479
4479 4478
4478 4477
4477 4476
4476 4475
4475 4474
4474 4473
4473 4472
4472 4471
4471 4470
4470 4469
4469 4468
4468 4467
4467 4466
4466 4465
4465 4464
4464 4463
4463 4462
4462 4461
4461 4460
4460 4459
4459 4458
4458 4457
4457 4456
4456 4455
4455 4454
4454 4453
4453 4452
4452 4451
4451 4450
4450 4449
4449 4448
4448 4447
4447 4446
4446 4445
4445 4482
4481 4480
4480 4479
4479 4478
4478 4477
4477 4476
4476 4475
4475 4474
4474 4473
4473 4472
4472 4471
4471 4470
4470 4469
4469 4468
4468 4467
4467 4466
4466 4465
4465 4464
4464 4463
4463 4462
4462 4461
4461 4460
4460 4459
4459 4458
4458 4457
4457 4456
4456 4455
4455 4454
4454 4453
4453 4452
4452 4451
4451 4450
4450 4449
4449 4448
4448 4447
4447 4446
4446 4445
4445 4483
4482 4481
4481 4480
4480 4479
4479 4478
4478 4477
4477 4476
4476 4475
4475 4474
4474 4473
4473 4472
4472 4471
4471 4470
4470 4469
4469 4468
4468 4467
4467 4466
4466 4465
4465 4464
4464 4463
4463 4462
4462 4461
4461 4460
4460 4459
4459 4458
4458 4457
4457 4456
4456 4455
4455 4454
4454 4453
4453 4452
4452 4451
4451 4450
4450 4449
4449 4448
4448 4447
4447 4446
4446 4445
4445 4484
4483 4482
4482 4481
4481 4480
4480 4479
4479 4478
4478 4477
4477 4476
4476 4475
4475 4474
4474 4473
4473 4472
4472 4471
4471 4470
4470 4469
4469 4468
4468 4467
4467 4466
4466 4465
4465 4464
4464 4463
4463 4462
4462 4461
4461 4460
4460 4459
4459 4458
4458 4457
4457 4456
4456 4455
4455 4454
4454 4453
4453 4452
4452 4451
4451 4450
4450 4449
4449 4448
4448 4447
4447 4446
4446 4445
4445 4485
4484 4483
4483 4482
4482 4481
4481 4480
4480 4479
4479 4478
4478 4477
4477 4476
4476 4475
4475 4474
4474 4473
4473 4472
4472 4471
4471 4470
4470 4469
4469 4468
4468 4467
4467 4466
4466 4465
4465 4464
4464 4463
4463 4462
4462 4461
4461 4460
4460 4459
4459 4458
4458 4457
4457 4456
4456 4455
4455 4454
4454 4453
4453 4452
4452 4451
4451 4450
4450 4449
4449 4448
4448 4447
4447 4446
4446 4445
4445 4486
4485 4484
4484 4483
4483 4482
4482 4481
4481 4480
4480 4479
4479 4478
4478 4477
4477 4476
4476 4475
4475 4474
4474 4473
4473 4472
4472 4471
4471 4470
4470 4469
4469 4468
4468 4467
4467 4466
4466 4465
4465 4464
4464 4463
4463 4462
4462 4461
4461 4460
4460 4459
4459 4458
4458 4457
4457 4456
4456 4455
4455 4454
4454 4453
4453 4452
4452 4451
4451 4450
4450 4449
4449 4448
4448 4447
4447 4446
4446 4445
4445 4487
4486 4485
4485 4484
4484 4483
4483 4482
4482 4481
4481 4480
4480 4479
4479 4478
4478 4477
4477 4476
4476 4475
4475 4474
4474 4473
4473 4472
4472 4471
4471 4470
4470 4469
4469 4468
4468 4467
4467 4466
4466 4465
4465 4464
4464 4463
4463 4462
4462 4461
4461 4460
4460 4459
4459 4458
4458 4457
4457 4456
4456 4455
4455 4454
4454 4453
4453 4452
4452 4451
4451 4450
4450 4449
4449 4448
4448 4447
4447 4446
4446 4445
4445 4488
4487 4486
4486 4485
4485 4484
4484 4483
4483 4482
4482 4481
4481 4480
4480 4479
4479 4478
4478 4477
4477 4476
4476 4475
4475 4474
4474 4473
4473 4472
4472 4471
4471 4470
4470 4469
4469 4468
4468 4467
4467 4466
4466 4465
4465 4464
4464 4463
4463 4462
4462 4461
4461 4460
4460 4459
4459 4458
4458 4457
4457 4456
4456 4455
4455 4454
4454 4453
4453 4452
4452 4451
4451 4450
4450 4449
4449 4448
4448 4447
4447 4446
4446 4445
4445 4489
4488 4487
4487 4486
4486 4485
4485 4484
4484 4483
4483 4482
4482 4481
4481 4480
4480 4479
4479 4478
4478 4477
4477 4476
4476 4475
4475 4474
4474 4473
4473 4472
4472 4471
4471 4470
4470 4469
4469 4468
4468 4467
4467 4466
4466 4465
4465 4464
4464 4463
4463 4462
4462 4461
4461 4460
4460 4459
4459 4458
4458 4457
4457 4456
4456 4455
4455 4454
4454 4453
4453 4452
4452 4451
4451 4450
4450 4449
4449 4448
4448 4447
4447 4446
4446 4445
4445 4490
4489 4488
4488 4487
4487 4486
4486 4485
4485 4484
4484 4483
4483 4482
4482 4481
4481 4480
4480 4479
4479 4478
4478 4477
4477 4476
4476 4475
4475 4474
4474 4473
4473 4472
4472 4471
4471 4470
4470 4469
4469 4468
4468 4467
4467 4466
4466 4465
4465 4464
4464 4463
4463 4462
4462 4461
4461 4460
4460 4459
4459 4458
4458 4457
4457 4456
4456 4455
4455 4454
4454 4453
4453 4452
4452 4451
4451 4450
4450 4449
4449 4448
4448 4447
4447 4446
4446 4445
4445 4491
4490 4489
4489 4488
4488 4487
4487 4486
4486 4485
4485 4484
4484 4483
4483 4482
4482 4481
4481 4480
4480 4479
4479 4478
4478 4477
4477 4476
4476 4475
4475 4474
4474 4473
4473 4472
4472 4471
4471 4470
4470 4469
4469 4468
4468 4467
4467 4466
4466 4465
4465 4464
4464 4463
4463 4462
4462 4461
4461 4460
4460 4459
4459 4458
4458 4457
4457 4456
4456 4455
4455 4454
4454 4453
4453 4452
4452 4451
4451 4450
4450 4449
4449 4448
4448 4447
4447 4446
4446 4445
4445 4492
4491 4490
4490 4489
4489 4488
4488 4487
4487 4486
4486 4485
4485 4484
4484 4483
4483 4482
4482 4481
4481 4480
4480 4479
4479 4478
4478 4477
4477 4476
4476 4475
4475 4474
4474 4473
4473 4472
4472 4471
4471 4470
4470 4469
4469 4468
4468 4467
4467 4466
4466 4465
4465 4464
4464 4463
4463 4462
4462 4461
4461 4460
4460 4459
4459 4458
4458 4457
4457 4456
4456 4455
4455 4454
4454 4453
4453 4452
4452 4451
4451 4450
4450 4449
4449 4448
4448 4447
4447 4446
4446 4445
4445 4493
4492 4491
4491 4490
4490 4489
4489 4488
4488 4487
4487 4486
4486 4485
4485 4484
4484 4483
4483 4482
4482 4481
4481 4480
4480 4479
4479 4478
4478 4477
4477 4476
4476 4475
4475 4474
4474 4473
4473 4472
4472 4471
4471 4470
4470 4469
4469 4468
4468 4467
4467 4466
4466 4465
4465 4464
4464 4463
4463 4462
4462 4461
4461 4460
4460 4459
4459 4458
4458 4457
4457 4456
4456 4455
4455 4454
4454 4453
4453 4452
4452 4451
4451 4450
4450 4449
4449 4448
4448 4447
4447 4446
4446 4445
4445 4494
4493 4492
4492 4491
4491 4490
4490 4489
4489 4488
4488 4487
4487 4486
4486 4485
4485 4484
4484 4483
4483 4482
4482 4481
4481 4480
4480 4479
4479 4478
4478 4477
4477 4476
4476 4475
4475 4474
4474 4473
4473 4472
4472 4471
4471 4470
4470 4469
4469 4468
4468 4467
4467 4466
4466 4465
4465 4464
4464 4463
4463 4462
4462 4461
4461 4460
4460 4459
4459 4458
4458 4457
4457 4456
4456 4455
4455 4454
4454 4453
4453 4452
4452 4451
4451 4450
4450 4449
4449 4448
4448 4447
4447 4446
4446 4445
4445 4495
4494 4493
4493 4492
4492 4491
4491 4490
4490 4489
4489 4488
4488 4487
4487 4486
4486 4485
4485 4484
4484 4483
4483 4482
4482 4481
4481 4480
4480 4479
4479 4478
4478 4477
4477 4476
4476 4475
4475 4474
4474 4473
4473 4472
4472 4471
4471 4470
4470 4469
4469 4468
4468 4467
4467 4466
4466 4465
4465 4464
4464 4463
4463 4462
4462 4461
4461 4460
4460 4459
4459 4458
4458 4457
4457 4456
4456 4455
4455 4454
4454 4453
4453 4452
4452 4451
4451 4450
4450 4449
4449 4448
4448 4447
4447 4446
4446 4445
4445 4496
4495 4494
4494 4493
4493 4492
4492 4491
4491 4490
4490 4489
4489 4488
4488 4487
4487 4486
4486 4485
4485 4484
4484 4483
4483 4482
4482 4481
4481 4480
4480 4479
4479 4478
4478 4477
4477 4476
4476 4475
4475 4474
4474 4473
4473 4472
4472 4471
4471 4470
4470 4469
4469 4468
4468 4467
4467 4466
4466 4465
4465 4464
4464 4463
4463 4462
4462 4461
4461 4460
4460 4459
4459 4458
4458 4457
4457 4456
4456 4455
4455 4454
4454 4453
4453 4452
4452 4451
4451 4450
4450 4449
4449 4448
4448 4447
4447 4446
4446 4445
4445 4497
4496 4495
4495 4494
4494 4493
4493 4492
4492 4491
4491 4490
4490 4489
4489 4488
4488 4487
4487 4486
4486 4485
4485 4484
4484 4483
4483 4482
4482 4481
4481 4480
4480 4479
4479 4478
4478 4477
4477 4476
4476 4475
4475 4474
4474 4473
4473 4472
4472 4471
4471 4470
4470 4469
4469 4468
4468 4467
4467 4466
4466 4465
4465 4464
4464 4463
4463 4462
4462 4461
4461 4460
4460 4459
4459 4458
4458 4457
4457 4456
4456 4455
4455 4454
4454 4453
4453 4452
4452 4451
4451 4450
4450 4449
4449 4448
4448 4447
4447 4446
4446 4445
4445 4498
4497 4496
4496 4495
4495 4494
4494 4493
4493 4492
4492 4491
4491 4490
4490 4489
4489 4488
4488 4487
4487 4486
4486 4485
4485 4484
4484 4483
4483 4482
4482 4481
4481 4480
4480 4479
4479 4478
4478 4477
4477 4476
4476 4475
4475 4474
4474 4473
4473 4472
4472 4471
4471 4470
4470 4469
4469 4468
4468 4467
4467 4466
4466 4465
4465 4464
4464 4463
4463 4462
4462 4461
4461 4460
4460 4459
4459 4458
4458 4457
4457 4456
4456 4455
4455 4454
4454 4453
4453 4452
4452 4451
4451 4450
4450 4449
4449 4448
4448 4447
4447 4446
4446 4445
4445 4499
4498 4497
4497 4496
4496 4495
4495 4494
4494 4493
4493 4492
4492 4491
4491 4490
4490 4489
4489 4488
4488 4487
4487 4486
4486 4485
4485 4484
4484 4483
4483 4482
4482 4481
4481 4480
4480 4479
4479 4478
4478 4477
4477 4476
4476 4475
4475 4474
4474 4473
4473 4472
4472 4471
4471 4470
4470 4469
4469 4468
4468 4467
4467 4466
4466 4465
4465 4464
4464 4463
4463 4462
4462 4461
4461 4460
4460 4459
4459 4458
4458 4457
4457 4456
4456 4455
4455 4454
4454 4453
4453 4452
4452 4451
4451 4450
4450 4449
4449 4448
4448 4447
4447 4446
4446 4445
4445 4500
4499 4498
4498 4497
4497 4496
4496 4495
4495 4494
4494 4493
4493 4492
4492 4491
4491 4490
4490 4489
4489 4488
4488 4487
4487 4486
4486 4485
4485 4484
4484 4483
4483 4482
4482 4481
4481 4480
4480 4479
4479 4478
4478 4477
4477 4476
4476 4475
4475 4474
4474 4473
4473 4472
4472 4471
4471 4470
4470 4469
4469 4468
4468 4467
4467 4466
4466 4465
4465 4464
4464 4463
4463 4462
4462 4461
4461 4460
4460 4459
4459 4458
4458 4457
4457 4456
4456 4455
4455 4454
4454 4453
4453 4452
4452 4451
4451 4450
4450 4449
4449 4448
4448 4447
4447 4446
4446 4445
4445 4501
4500 4499
4499 4498
4498 4497
4497 4496
4496 4495
4495 4494
4494 4493
4493 4492
4492 4491
4491 4490
4490 4489
4489 4488
4488 4487
4487 4486
4486 4485
4485 4484
4484 4483
4483 4482
4482 4481
4481 4480
4480 4479
4479 4478
4478 4477
4477 4476
4476 4475
4475 4474
4474 4473
4473 4472
4472 4471
4471 4470
4470 4469
4469 4468
4468 4467
4467 4466
4466 4465
4465 4464
4464 4463
4463 4462
4462 4461
4461 4460
4460 4459
4459 4458
4458 4457
4457 4456
4456 4455
4455 4454
4454 4453
4453 4452
4452 4451
4451 4450
4450 4449
4449 4448
4448 4447
4447 4446
4446 4445
4445 4502
4501 4500
4500 4499
4499 4498
4498 4497
4497 4496
4496 4495
4495 4494
4494 4493
4493 4492
4492 4491
4491 4490
4490 4489
4489 4488
4488 4487
4487 4486
4486 4485
4485 4484
4484 4483
4483 4482
4482 4481
4481 4480
4480 4479
4479 4478
4478 4477
4477 4476
4476 4475
4475 4474
4474 4473
4473 4472
4472 4471
4471 4470
4470 4469
4469 4468
4468 4467
4467 4466
4466 4465
4465 4464
4464 4463
4463 4462
4462 4461
4461 4460
4460 4459
4459 4458
4458 4457
4457 4456
4456 4455
4455 4454
4454 4453
4453 4452
4452 4451
4451 4450
4450 4449
4449 4448
4448 4447
4447 4446
4446 4445
4445 4503
4502 4501
4501 4500
4500 4499
4499 4498
4498 4497
4497 4496
4496 4495
4495 4494
4494 4493
4493 4492
4492 4491
4491 4490
4490 4489
4489 4488
4488 4487
4487 4486
4486 4485
4485 4484
4484 4483
4483 4482
4482 4481
4481 4480
4480 4479
4479 4478
4478 4477
4477 4476
4476 4475
4475 4474
4474 4473
4473 4472
4472 4471
4471 4470
4470 4469
4469 4468
4468 4467
4467 4466
4466 4465
4465 4464
4464 4463
4463 4462
4462 4461
4461 4460
4460 4459
4459 4458
4458 4457
4457 4456
4456 4455
4455 4454
4454 4453
4453 4452
4452 4451
4451 4450
4450 4449
4449 4448
4448 4447
4447 4446
4446 4445
4445 4504
4503 4502
4502 4501
4501 4500
4500 4499
4499 4498
4498 4497
4497 4496
4496 4495
4495 4494
4494 4493
4493 4492
4492 4491
4491 4490
4490 4489
4489 4488
4488 4487
4487 4486
4486 4485
4485 4484
4484 4483
4483 4482
4482 4481
4481 4480
4480 4479
4479 4478
4478 4477
4477 4476
4476 4475
4475 4474
4474 4473
4473 4472
4472 4471
4471 4470
4470 4469
4469 4468
4468 4467
4467 4466
4466 4465
4465 4464
4464 4463
4463 4462
4462 4461
4461 4460
4460 4459
4459 4458
4458 4457
4457 4456
4456 4455
4455 4454
4454 4453
4453 4452
4452 4451
4451 4450
4450 4449
4449 4448
4448 4447
4447 4446
4446 4445
4445 4505
4504 4503
4503 4502
4502 4501
4501 4500
4500 4499
4499 4498
4498 4497
4497 4496
4496 4495
4495 4494
4494 4493
4493 4492
4492 4491
4491 4490
4490 4489
4489 4488
4488 4487
4487 4486
4486 4485
4485 4484
4484 4483
4483 4482
4482 4481
4481 4480
4480 4479
4479 4478
4478 4477
4477 4476
4476 4475
4475 4474
4474 4473
4473 4472
4472 4471
4471 4470
4470 4469
4469 4468
4468 4467
4467 4466
4466 4465
4465 4464
4464 4463
4463 4462
4462 4461
4461 4460
4460 4459
4459 4458
4458 4457
4457 4456
4456 4455
4455 4454
4454 4453
4453 4452
4452 4451
4451 4450
4450 4449
4449 4448
4448 4447
4447 4446
4446 4445
4445 4506
4505 4504
4504 4503
4503 4502
4502 4501
4501 4500
4500 4499
4499 4498
4498 4497
4497 4496
4496 4495
4495 4494
4494 4493
4493 4492
4492 4491
4491 4490
4490 4489
4489 4488
4488 4487
4487 4486
4486 4485
4485 4484
4484 4483
4483 4482
4482 4481
4481 4480
4480 4479
4479 4478
4478 4477
4477 4476
4476 4475
4475 4474
4474 4473
4473 4472
4472 4471
4471 4470
4470 4469
4469 4468
4468 4467
4467 4466
4466 4465
4465 4464
4464 4463
4463 4462
4462 4461
4461 4460
4460 4459
4459 4458
4458 4457
4457 4456
4456 4455
4455 4454
4454 4453
4453 4452
4452 4451
4451 4450
4450 4449
4449 4448
4448 4447
4447 4446
4446 4445
4445 4507
4506 4505
4505 4504
4504 4503
4503 4502
4502 4501
4501 4500
4500 4499
4499 4498
4498 4497
4497 4496
4496 4495
4495 4494
4494 4493
4493 4492
4492 4491
4491 4490
4490 4489
4489 4488
4488 4487
4487 4486
4486 4485
4485 4484
4484 4483
4483 4482
4482 4481
4481 4480
4480 4479
4479 4478
4478 4477
4477 4476
4476 4475
4475 4474
4474 4473
4473 4472
4472 4471
4471 4470
4470 4469
4469 4468
4468 4467
4467 4466
4466 4465
4465 4464
4464 4463
4463 4462
4462 4461
4461 4460
4460 4459
4459 4458
4458 4457
4457 4456
4456 4455
4455 4454
4454 4453
4453 4452
4452 4451
4451 4450
4450 4449
4449 4448
4448 4447
4447 4446
4446 4445
4445 4508
4507 4506
4506 4505
4505 4504
4504 4503
4503 4502
4502 4501
4501 4500
4500 4499
4499 4498
4498 4497
4497 4496
4496 4495
4495 4494
4494 4493
4493 4492
4492 4491
4491 4490
4490 4489
4489 4488
4488 4487
4487 4486
4486 4485
4485 4484
4484 4483
4483 4482
4482 4481
4481 4480
4480 4479
4479 4478
4478 4477
4477 4476
4476 4475
4475 4474
4474 4473
4473 4472
4472 4471
4471 4470
4470 4469
4469 4468
4468 4467
4467 4466
4466 4465
4465 4464
4464 4463
4463 4462
4462 4461
4461 4460
4460 4459
4459 4458
4458 4457
4457 4456
4456 4455
4455 4454
4454 4453
4453 4452
4452 4451
4451 4450
4450 4449
4449 4448
4448 4447
4447 4446
4446 4445
4445 4509
4508 4507
4507 4506
4506 4505
4505 4504
4504 4503
4503 4502
4502 4501
4501 4500
4500 4499
4499 4498
4498 4497
4497 4496
4496 4495
4495 4494
4494 4493
4493 4492
4492 4491
4491 4490
4490 4489
4489 4488
4488 4487
4487 4486
4486 4485
4485 4484
4484 4483
4483 4482
4482 4481
4481 4480
4480 4479
4479 4478
4478 4477
4477 4476
4476 4475
4475 4474
4474 4473
4473 4472
4472 4471
4471 4470
4470 4469
4469 4468
4468 4467
4467 4466
4466 4465
4465 4464
4464 4463
4463 4462
4462 4461
4461 4460
4460 4459
4459 4458
4458 4457
4457 4456
4456 4455
4455 4454
4454 4453
4453 4452
4452 4451
4451 4450
4450 4449
4449 4448
4448 4447
4447 4446
4446 4445
4445 4510
4509 4508
4508 4507
4507 4506
4506 4505
4505 4504
4504 4503
4503 4502
4502 4501
4501 4500
4500 4499
4499 4498
4498 4497
4497 4496
4496 4495
4495 4494
4494 4493
4493 4492
4492 4491
4491 4490
4490 4489
4489 4488
4488 4487
4487 4486
4486 4485
4485 4484
4484 4483
4483 4482
4482 4481
4481 4480
4480 4479
4479 4478
4478 4477
4477 4476
4476 4475
4475 4474
4474 4473
4473 4472
4472 4471
4471 4470
4470 4469
4469 4468
4468 4467
4467 4466
4466 4465
4465 4464
4464 4463
4463 4462
4462 4461
4461 4460
4460 4459
4459 4458
4458 4457
4457 4456
4456 4455
4455 4454
4454 4453
4453 4452
4452 4451
4451 4450
4450 4449
4449 4448
4448 4447
4447 4446
4446 4445
4445 4511
4510 4509
4509 4508
4508 4507
4507 4506
4506 4505
4505 4504
4504 4503
4503 4502
4502 4501
4501 4500
4500 4499
4499 4498
4498 4497
4497 4496
4496 4495
4495 4494
4494 4493
4493 4492
4492 4491
4491 4490
4490 4489
4489 4488
4488 4487
4487 4486
4486 4485
4485 4484
4484 4483
4483 4482
4482 4481
4481 4480
4480 4479
4479 4478
4478 4477
4477 4476
4476 4475
4475 4474
4474 4473
4473 4472
4472 4471
4471 4470
4470 4469
4469 4468
4468 4467
4467 4466
4466 4465
4465 4464
4464 4463
4463 4462
4462 4461
4461 4460
4460 4459
4459 4458
4458 4457
4457 4456
4456 4455
4455 4454
4454 4453
4453 4452
4452 4451
4451 4450
4450 4449
4449 4448
4448 4447
4447 4446
4446 4445
4445 4512
4511 4510
4510 4509
4509 4508
4508 4507
4507 4506
4506 4505
4505 4504
4504 4503
4503 4502
4502 4501
4501 4500
4500 4499
4499 4498
4498 4497
4497 4496
4496 4495
4495 4494
4494 4493
4493 4492
4492 4491
4491 4490
4490 4489
4489 4488
4488 4487
4487 4486
4486 4485
4485 4484
4484 4483
4483 4482
4482 4481
4481 4480
4480 4479
4479 4478
4478 4477
4477 4476
4476 4475
4475 4474
4474 4473
4473 4472
4472 4471
4471 4470
4470 4469
4469 4468
4468 4467
4467 4466
4466 4465
4465 4464
4464 4463
4463 4462
4462 4461
4461 4460
4460 4459
4459 4458
4458 4457
4457 4456
4456 4455
4455 4454
4454 4453
4453 4452
4452 4451
4451 4450
4450 4449
4449 4448
4448 4447
4447 4446
4446 4445
4445 4513
4512 4511
4511 4510
4510 4509
4509 4508
4508 4507
4507 4506
4506 4505
4505 4504
4504 4503
4503 4502
4502 4501
4501 4500
4500 4499
4499 4498
4498 4497
4497 4496
4496 4495
4495 4494
4494 4493
4493 4492
4492 4491
4491 4490
4490 4489
4489 4488
4488 4487
4487 4486
4486 4485
4485 4484
4484 4483
4483 4482
4482 4481
4481 4480
4480 4479
4479 4478
4478 4477
4477 4476
4476 4475
4475 4474
4474 4473
4473 4472
4472 4471
4471 4470
4470 4469
4469 4468
4468 4467
4467 4466
4466 4465
4465 4464
4464 4463
4463 4462
4462 4461
4461 4460
4460 4459
4459 4458
4458 4457
4457 4456
4456 4455
4455 4454
4454 4453
4453 4452
4452 4451
4451 4450
4450 4449
4449 4448
4448 4447
4447 4446
4446 4445
4445 4514
4513 4512
4512 4511
4511 4510
4510 4509
4509 4508
4508 4507
4507 4506
4506 4505
4505 4504
4504 4503
4503 4502
4502 4501
4501 4500
4500 4499
4499 4498
4498 4497
4497 4496
4496 4495
4495 4494
4494 4493
4493 4492
4492 4491
4491 4490
4490 4489
4489 4488
4488 4487
4487 4486
4486 4485
4485 4484
4484 4483
4483 4482
4482 4481
4481 4480
4480 4479
4479 4478
4478 4477
4477 4476
4476 4475
4475 4474
4474 4473
4473 4472
4472 4471
4471 4470
4470 4469
4469 4468
4468 4467
4467 4466
4466 4465
4465 4464
4464 4463
4463 4462
4462 4461
4461 4460
4460 4459
4459 4458
4458 4457
4457 4456
4456 4455
4455 4454
4454 4453
4453 4452
4452 4451
4451 4450
4450 4449
4449 4448
4448 4447
4447 4446
4446 4445
4445 4515
4514 4513
4513 4512
4512 4511
4511 4510
4510 4509
4509 4508
4508 4507
4507 4506
4506 4505
4505 4504
4504 4503
4503 4502
4502 4501
4501 4500
4500 4499
4499 4498
4498 4497
4497 4496
4496 4495
4495 4494
4494 4493
4493 4492
4492 4491
4491 4490
4490 4489
4489 4488
4488 4487
4487 4486
4486 4485
4485 4484
4484 4483
4483 4482
4482 4481
4481 4480
4480 4479
4479 4478
4478 4477
4477 4476
4476 4475
4475 4474
4474 4473
4473 4472
4472 4471
4471 4470
4470 4469
4469 4468
4468 4467
4467 4466
4466 4465
4465 4464
4464 4463
4463 4462
4462 4461
4461 4460
4460 4459
4459 4458
4458 4457
4457 4456
4456 4455
4455 4454
4454 4453
4453 4452
4452 4451
4451 4450
4450 4449
4449 4448
4448 4447
4447 4446
4446 4445
4445 4516
4515 4514
4514 4513
4513 4512
4512 4511
4511 4510
4510 4509
4509 4508
4508 4507
4507 4506
4506 4505
4505 4504
4504 4503
4503 4502
4502 4501
4501 4500
4500 4499
4499 4498
4498 4497
4497 4496
4496 4495
4495 4494
4494 4493
4493 4492
4492 4491
4491 4490
4490 4489
4489 4488
4488 4487
4487 4486
4486 4485
4485 4484
4484 4483
4483 4482
4482 4481
4481 4480
4480 4479
4479 4478
4478 4477
4477 4476
4476 4475
4475 4474
4474 4473
4473 4472
4472 4471
4471 4470
4470 4469
4469 4468
4468 4467
4467 4466
4466 4465
4465 4464
4464 4463
4463 4462
4462 4461
4461 4460
4460 4459
4459 4458
4458 4457
4457 4456
4456 4455
4455 4454
4454 4453
4453 4452
4452 4451
4451 4450
4450 4449
4449 4448
4448 4447
4447 4446
4446 4445
4445 4517
4516 4515
4515 4514
4514 4513
4513 4512
4512 4511
4511 4510
4510 4509
4509 4508
4508 4507
4507 4506
4506 4505
4505 4504
4504 4503
4503 4502
4502 4501
4501 4500
4500 4499
4499 4498
4498 4497
4497 4496
4496 4495
4495 4494
4494 4493
4493 4492
4492 4491
4491 4490
4490 4489
4489 4488
4488 4487
4487 4486
4486 4485
4485 4484
4484 4483
4483 4482
4482 4481
4481 4480
4480 4479
4479 4478
4478 4477
4477 4476
4476 4475
4475 4474
4474 4473
4473 4472
4472 4471
4471 4470
4470 4469
4469 4468
4468 4467
4467 4466
4466 4465
4465 4464
4464 4463
4463 4462
4462 4461
4461 4460
4460 4459
4459 4458
4458 4457
4457 4456
4456 4455
4455 4454
4454 4453
4453 4452
4452 4451
4451 4450
4450 4449
4449 4448
4448 4447
4447 4446
4446 4445
4445 4518
4517 4516
4516 4515
4515 4514
4514 4513
4513 4512
4512 4511
4511 4510
4510 4509
4509 4508
4508 4507
4507 4506
4506 4505
4505 4504
4504 4503
4503 4502
4502 4501
4501 4500
4500 4499
4499 4498
4498 4497
4497 4496
4496 4495
4495 4494
4494 4493
4493 4492
4492 4491
4491 4490
4490 4489
4489 4488
4488 4487
4487 4486
4486 4485
4485 4484
4484 4483
4483 4482
4482 4481
4481 4480
4480 4479
4479 4478
4478 4477
4477 4476
4476 4475
4475 4474
4474 4473
4473 4472
4472 4471
4471 4470
4470 4469
4469 4468
4468 4467
4467 4466
4466 4465
4465 4464
4464 4463
4463 4462
4462 4461
4461 4460
4460 4459
4459 4458
4458 4457
4457 4456
4456 4455
4455 4454
4454 4453
4453 4452
4452 4451
4451 4450
4450 4449
4449 4448
4448 4447
4447 4446
4446 4445
4445 4519
4518 4517
4517 4516
4516 4515
4515 4514
4514 4513
4513 4512
4512 4511
4511 4510
4510 4509
4509 4508
4508 4507
4507 4506
4506 4505
4505 4504
4504 4503
4503 4502
4502 4501
4501 4500
4500 4499
4499 4498
4498 4497
4497 4496
4496 4495
4495 4494
4494 4493
4493 4492
4492 4491
4491 4490
4490 4489
4489 4488
4488 4487
4487 4486
4486 4485
4485 4484
4484 4483
4483 4482
4482 4481
4481 4480
4480 4479
4479 4478
4478 4477
4477 4476
4476 4475
4475 4474
4474 4473
4473 4472
4472 4471
4471 4470
4470 4469
4469 4468
4468 4467
4467 4466
4466 4465
4465 4464
4464 4463
4463 4462
4462 4461
4461 4460
4460 4459
4459 4458
4458 4457
4457 4456
4456 4455
4455 4454
4454 4453
4453 4452
4452 4451
4451 4450
4450 4449
4449 4448
4448 4447
4447 4446
4446 4445
4445 4520
4519 4518
4518 4517
4517 4516
4516 4515
4515 4514
4514 4513
4513 4512
4512 4511
4511 4510
4510 4509
4509 4508
4508 4507
4507 4506
4506 4505
4505 4504
4504 4503
4503 4502
4502 4501
4501 4500
4500 4499
4499 4498
4498 4497
4497 4496
4496 4495
4495 4494
4494 4493
4493 4492
4492 4491
4491 4490
4490 4489
4489 4488
4488 4487
4487 4486
4486 4485
4485 4484
4484 4483
4483 4482
4482 4481
4481 4480
4480 4479
4479 4478
4478 4477
4477 4476
4476 4475
4475 4474
4474 4473
4473 4472
4472 4471
4471 4470
4470 4469
4469 4468
4468 4467
4467 4466
4466 4465
4465 4464
4464 4463
4463 4462
4462 4461
4461 4460
4460 4459
4459 4458
4458 4457
4457 4456
4456 4455
4455 4454
4454 4453
4453 4452
4452 4451
4451 4450
4450 4449
4449 4448
4448 4447
4447 4446
4446 4445
4445 4521
4520 4519
4519 4518
4518 4517
4517 4516
4516 4515
4515 4514
4514 4513
4513 4512
4512 4511
4511 4510
4510 4509
4509 4508
4508 4507
4507 4506
4506 4505
4505 4504
4504 4503
4503 4502
4502 4501
4501 4500
4500 4499
4499 4498
4498 4497
4497 4496
4496 4495
4495 4494
4494 4493
4493 4492
4492 4491
4491 4490
4490 4489
4489 4488
4488 4487
4487 4486
4486 4485
4485 4484
4484 4483
4483 4482
4482 4481
4481 4480
4480 4479
4479 4478
4478 4477
4477 4476
4476 4475
4475 4474
4474 4473
4473 4472
4472 4471
4471 4470
4470 4469
4469 4468
4468 4467
4467 4466
4466 4465
4465 4464
4464 4463
4463 4462
4462 4461
4461 4460
4460 4459
4459 4458
4458 4457
4457 4456
4456 4455
4455 4454
4454 4453
4453 4452
4452 4451
4451 4450
4450 4449
4449 4448
4448 4447
4447 4446
4446 4445
4445 4522
4521 4520
4520 4519
4519 4518
4518 4517
4517 4516
4516 4515
4515 4514
4514 4513
4513 4512
4512 4511
4511 4510
4510 4509
4509 4508
4508 4507
4507 4506
4506 4505
4505 4504
4504 4503
4503 4502
4502 4501
4501 4500
4500 4499
4499 4498
4498 4497
4497 4496
4496 4495
4495 4494
4494 4493
4493 4492
4492 4491
4491 4490
4490 4489
4489 4488
4488 4487
4487 4486
4486 4485
4485 4484
4484 4483
4483 4482
4482 4481
4481 4480
4480 4479
4479 4478
4478 4477
4477 4476
4476 4475
4475 4474
4474 4473
4473 4472
4472 4471
4471 4470
4470 4469
4469 4468
4468 4467
4467 4466
4466 4465
4465 4464
4464 4463
4463 4462
4462 4461
4461 4460
4460 4459
4459 4458
4458 4457
4457 4456
4456 4455
4455 4454
4454 4453
4453 4452
4452 4451
4451 4450
4450 4449
4449 4448
4448 4447
4447 4446
4446 4445
4445 4523
4522 4521
4521 4520
4520 4519
4519 4518
4518 4517
4517 4516
4516 4515
4515 4514
4514 4513
4513 4512
4512 4511
4511 4510
4510 4509
4509 4508
4508 4507
4507 4506
4506 4505
4505 4504
4504 4503
4503 4502
4502 4501
4501 4500
4500 4499
4499 4498
4498 4497
4497 4496
4496 4495
4495 4494
4494 4493
4493 4492
4492 4491
4491 4490
4490 4489
4489 4488
4488 4487
4487 4486
4486 4485
4485 4484
4484 4483
4483 4482
4482 4481
4481 4480
4480 4479
4479 4478
4478 4477
4477 4476
4476 4475
4475 4474
4474 4473
4473 4472
4472 4471
4471 4470
4470 4469
4469 4468
4468 4467
4467 4466
4466 4465
4465 4464
4464 4463
4463 4462
4462 4461
4461 4460
4460 4459
4459 4458
4458 4457
4457 4456
4456 4455
4455 4454
4454 4453
4453 4452
4452 4451
4451 4450
4450 4449
4449 4448
4448 4447
4447 4446
4446 4445
4445 4524
4523 4522
4522 4521
4521 4520
4520 4519
4519 4518
4518 4517
4517 4516
4516 4515
4515 4514
4514 4513
4513 4512
4512 4511
4511 4510
4510 4509
4509 4508
4508 4507
4507 4506
4506 4505
4505 4504
4504 4503
4503 4502
4502 4501
4501 4500
4500 4499
4499 4498
4498 4497
4497 4496
4496 4495
4495 4494
4494 4493
4493 4492
4492 4491
4491 4490
4490 4489
4489 4488
4488 4487
4487 4486
4486 4485
4485 4484
4484 4483
4483 4482
4482 4481
4481 4480
4480 4479
4479 4478
4478 4477
4477 4476
4476 4475
4475 4474
4474 4473
4473 4472
4472 4471
4471 4470
4470 4469
4469 4468
4468 4467
4467 4466
4466 4465
4465 4464
4464 4463
4463 4462
4462 4461
4461 4460
4460 4459
4459 4458
4458 4457
4457 4456
4456 4455
4455 4454
4454 4453
4453 4452
4452 4451
4451 4450
4450 4449
4449 4448
4448 4447
4447 4446
4446 4445
4445 4525
4524 4523
4523 4522
4522 4521
4521 4520
4520 4519
4519 4518
4518 4517
4517 4516
4516 4515
4515 4514
4514 4513
4513 4512
4512 4511
4511 4510
4510 4509
4509 4508
4508 4507
4507 4506
4506 4505
4505 4504
4504 4503
4503 4502
4502 4501
4501 4500
4500 4499
4499 4498
4498 4497
4497 4496
4496 4495
4495 4494
4494 4493
4493 4492
4492 4491
4491 4490
4490 4489
4489 4488
4488 4487
4487 4486
4486 4485
4485 4484
4484 4483
4483 4482
4482 4481
4481 4480
4480 4479
4479 4478
4478 4477
4477 4476
4476 4475
4475 4474
4474 4473
4473 4472
4472 4471
4471 4470
4470 4469
4469 4468
4468 4467
4467 4466
4466 4465
4465 4464
4464 4463
4463 4462
4462 4461
4461 4460
4460 4459
4459 4458
4458 4457
4457 4456
4456 4455
4455 4454
4454 4453
4453 4452
4452 4451
4451 4450
4450 4449
4449 4448
4448 4447
4447 4446
4446 4445
4445 4526
4525 4524
4524 4523
4523 4522
4522 4521
4521 4520
4520 4519
4519 4518
4518 4517
4517 4516
4516 4515
4515 4514
4514 4513
4513 4512
4512 4511
4511 4510
4510 4509
4509 4508
4508 4507
4507 4506
4506 4505
4505 4504
4504 4503
4503 4502
4502 4501
4501 4500
4500 4499
4499 4498
4498 4497
4497 4496
4496 4495
4495 4494
4494 4493
4493 4492
4492 4491
4491 4490
4490 4489
4489 4488
4488 4487
4487 4486
4486 4485
4485 4484
4484 4483
4483 4482
4482 4481
4481 4480
4480 4479
4479 4478
4478 4477
4477 4476
4476 4475
4475 4474
4474 4473
4473 4472
4472 4471
4471 4470
4470 4469
4469 4468
4468 4467
4467 4466
4466 4465
4465 4464
4464 4463
4463 4462
4462 4461
4461 4460
4460 4459
4459 4458
4458 4457
4457 4456
4456 4455
4455 4454
4454 4453
4453 4452
4452 4451
4451 4450
4450 4449
4449 4448
4448 4447
4447 4446
4446 4445
4445 4527
4526 4525
4525 4524
4524 4523
4523 4522
4522 4521
4521 4520
4520 4519
4519 4518
4518 4517
4517 4516
4516 4515
4515 4514
4514 4513
4513 4512
4512 4511
4511 4510
4510 4509
4509 4508
4508 4507
4507 4506
4506 4505
4505 4504
4504 4503
4503 4502
4502 4501
4501 4500
4500 4499
4499 4498
4498 4497
4497 4496
4496 4495
4495 4494
4494 4493
4493 4492
4492 4491
4491 4490
4490 4489
4489 4488
4488 4487
4487 4486
4486 4485
4485 4484
4484 4483
4483 4482
4482 4481
4481 4480
4480 4479
4479 4478
4478 4477
4477 4476
4476 4475
4475 4474
4474 4473
4473 4472
4472 4471
4471 4470
4470 4469
4469 4468
4468 4467
4467 4466
4466 4465
4465 4464
4464 4463
4463 4462
4462 4461
4461 4460
4460 4459
4459 4458
4458 4457
4457 4456
4456 4455
4455 4454
4454 4453
4453 4452
4452 4451
4451 4450
4450 4449
4449 4448
4448 4447
4447 4446
4446 4445
4445 4528
4527 4526
4526 4525
4525 4524
4524 4523
4523 4522
4522 4521
4521 4520
4520 4519
4519 4518
4518 4517
4517 4516
4516 4515
4515 4514
4514 4513
4513 4512
4512 4511
4511 4510
4510 4509
4509 4508
4508 4507
4507 4506
4506 4505
4505 4504
4504 4503
4503 4502
4502 4501
4501 4500
4500 4499
4499 4498
4498 4497
4497 4496
4496 4495
4495 4494
4494 4493
4493 4492
4492 4491
4491 4490
4490 4489
4489 4488
4488 4487
4487 4486
4486 4485
4485 4484
4484 4483
4483 4482
4482 4481
4481 4480
4480 4479
4479 4478
4478 4477
4477 4476
4476 4475
4475 4474
4474 4473
4473 4472
4472 4471
4471 4470
4470 4469
4469 4468
4468 4467
4467 4466
4466 4465
4465 4464
4464 4463
4463 4462
4462 4461
4461 4460
4460 4459
4459 4458
4458 4457
4457 4456
4456 4455
4455 4454
4454 4453
4453 4452
4452 4451
4451 4450
4450 4449
4449 4448
4448 4447
4447 4446
4446 4445
4445 4529
4528 4527
4527 4526
4526 4525
4525 4524
4524 4523
4523 4522
4522 4521
4521 4520
4520 4519
4519 4518
4518 4517
4517 4516
4516 4515
4515 4514
4514 4513
4513 4512
4512 4511
4511 4510
4510 4509
4509 4508
4508 4507
4507 4506
4506 4505
4505 4504
4504 4503
4503 4502
4502 4501
4501 4500
4500 4499
4499 4498
4498 4497
4497 4496
4496 4495
4495 4494
4494 4493
4493 4492
4492 4491
4491 4490
4490 4489
4489 4488
4488 4487
4487 4486
4486 4485
4485 4484
4484 4483
4483 4482
4482 4481
4481 4480
4480 4479
4479 4478
4478 4477
4477 4476
4476 4475
4475 4474
4474 4473
4473 4472
4472 4471
4471 4470
4470 4469
4469 4468
4468 4467
4467 4466
4466 4465
4465 4464
4464 4463
4463 4462
4462 4461
4461 4460
4460 4459
4459 4458
4458 4457
4457 4456
4456 4455
4455 4454
4454 4453
4453 4452
4452 4451
4451 4450
4450 4449
4449 4448
4448 4447
4447 4446
4446 4445
4445 4530
4529 4528
4528 4527
4527 4526
4526 4525
4525 4524
4524 4523
4523 4522
4522 4521
4521 4520
4520 4519
4519 4518
4518 4517
4517 4516
4516 4515
4515 4514
4514 4513
4513 4512
4512 4511
4511 4510
4510 4509
4509 4508
4508 4507
4507 4506
4506 4505
4505 4504
4504 4503
4503 4502
4502 4501
4501 4500
4500 4499
4499 4498
4498 4497
4497 4496
4496 4495
4495 4494
4494 4493
4493 4492
4492 4491
4491 4490
4490 4489
4489 4488
4488 4487
4487 4486
4486 4485
4485 4484
4484 4483
4483 4482
4482 4481
4481 4480
4480 4479
4479 4478
4478 4477
4477 4476
4476 4475
4475 4474
4474 4473
4473 4472
4472 4471
4471 4470
4470 4469
4469 4468
4468 4467
4467 4466
4466 4465
4465 4464
4464 4463
4463 4462
4462 4461
4461 4460
4460 4459
4459 4458
4458 4457
4457 4456
4456 4455
4455 4454
4454 4453
4453 4452
4452 4451
4451 4450
4450 4449
4449 4448
4448 4447
4447 4446
4446 4445
4445 4531
4530 4529
4529 4528
4528 4527
4527 4526
4526 4525
4525 4524
4524 4523
4523 4522
4522 4521
4521 4520
4520 4519
4519 4518
4518 4517
4517 4516
4516 4515
4515 4514
4514 4513
4513 4512
4512 4511
4511 4510
4510 4509
4509 4508
4508 4507
4507 4506
4506 4505
4505 4504
4504 4503
4503 4502
4502 4501
4501 4500
4500 4499
4499 4498
4498 4497
4497 4496
4496 4495
4495 4494
4494 4493
4493 4492
4492 4491
4491 4490
4490 4489
4489 4488
4488 4487
4487 4486
4486 4485
4485 4484
4484 4483
4483 4482
4482 4481
4481 4480
4480 4479
4479 4478
4478 4477
4477 4476
4476 4475
4475 4474
4474 4473
4473 4472
4472 4471
4471 4470
4470 4469
4469 4468
4468 4467
4467 4466
4466 4465
4465 4464
4464 4463
4463 4462
4462 4461
4461 4460
4460 4459
4459 4458
4458 4457
4457 4456
4456 4455
4455 4454
4454 4453
4453 4452
4452 4451
4451 4450
4450 4449
4449 4448
4448 4447
4447 4446
4446 4445
4445 4532
4531 4530
4530 4529
4529 4528
4528 4527
4527 4526
4526 4525
4525 4524
4524 4523
4523 4522
4522 4521
4521 4520
4520 4519
4519 4518
4518 4517
4517 4516
4516 4515
4515 4514
4514 4513
4513 4512
4512 4511
4511 4510
4510 4509
4509 4508
4508 4507
4507 4506
4506 4505
4505 4504
4504 4503
4503 4502
4502 4501
4501 4500
4500 4499
4499 4498
4498 4497
4497 4496
4496 4495
4495 4494
4494 4493
4493 4492
4492 4491
4491 4490
4490 4489
4489 4488
4488 4487
4487 4486
4486 4485
4485 4484
4484 4483
4483 4482
4482 4481
4481 4480
4480 4479
4479 4478
4478 4477
4477 4476
4476 4475
4475 4474
4474 4473
4473 4472
4472 4471
4471 4470
4470 4469
4469 4468
4468 4467
4467 4466
4466 4465
4465 4464
4464 4463
4463 4462
4462 4461
4461 4460
4460 4459
4459 4458
4458 4457
4457 4456
4456 4455
4455 4454
4454 4453
4453 4452
4452 4451
4451 4450
4450 4449
4449 4448
4448 4447
4447 4446
4446 4445
4445 4533
4532 4531
4531 4530
4530 4529
4529 4528
4528 4527
4527 4526
4526 4525
4525 4524
4524 4523
4523 4522
4522 4521
4521 4520
4520 4519
4519 4518
4518 4517
4517 4516
4516 4515
4515 4514
4514 4513
4513 4512
4512 4511
4511 4510
4510 4509
4509 4508
4508 4507
4507 4506
4506 4505
4505 4504
4504 4503
4503 4502
4502 4501
4501 4500
4500 4499
4499 4498
4498 4497
4497 4496
4496 4495
4495 4494
4494 4493
4493 4492
4492 4491
4491 4490
4490 4489
4489 4488
4488 4487
4487 4486
4486 4485
4485 4484
4484 4483
4483 4482
4482 4481
4481 4480
4480 4479
4479 4478
4478 4477
4477 4476
4476 4475
4475 4474
4474 4473
4473 4472
4472 4471
4471 4470
4470 4469
4469 4468
4468 4467
4467 4466
4466 4465
4465 4464
4464 4463
4463 4462
4462 4461
4461 4460
4460 4459
4459 4458
4458 4457
4457 4456
4456 4455
4455 4454
4454 4453
4453 4452
4452 4451
4451 4450
4450 4449
4449 4448
4448 4447
4447 4446
4446 4445
4445 4534
4533 4532
4532 4531
4531 4530
4530 4529
4529 4528
4528 4527
4527 4526
4526 4525
4525 4524
4524 4523
4523 4522
4522 4521
4521 4520
4520 4519
4519 4518
4518 4517
4517 4516
4516 4515
4515 4514
4514 4513
4513 4512
4512 4511
4511 4510
4510 4509
4509 4508
4508 4507
4507 4506
4506 4505
4505 4504
4504 4503
4503 4502
4502 4501
4501 4500
4500 4499
4499 4498
4498 4497
4497 4496
4496 4495
4495 4494
4494 4493
4493 4492
4492 4491
4491 4490
4490 4489
4489 4488
4488 4487
4487 4486
4486 4485
4485 4484
4484 4483
4483 4482
4482 4481
4481 4480
4480 4479
4479 4478
4478 4477
4477 4476
4476 4475
4475 4474
4474 4473
4473 4472
4472 4471
4471 4470
4470 4469
4469 4468
4468 4467
4467 4466
4466 4465
4465 4464
4464 4463
4463 4462
4462 4461
4461 4460
4460 4459
4459 4458
4458 4457
4457 4456
4456 4455
4455 4454
4454 4453
4453 4452
4452 4451
4451 4450
4450 4449
4449 4448
4448 4447
4447 4446
4446 4445
4445 4535
4534 4533
4533 4532
4532 4531
4531 4530
4530 4529
4529 4528
4528 4527
4527 4526
4526 4525
4525 4524
4524 4523
4523 4522
4522 4521
4521 4520
4520 4519
4519 4518
4518 4517
4517 4516
4516 4515
4515 4514
4514 4513
4513 4512
4512 4511
4511 4510
4510 4509
4509 4508
4508 4507
4507 4506
4506 4505
4505 4504
4504 4503
4503 4502
4502 4501
4501 4500
4500 4499
4499 4498
4498 4497
4497 4496
4496 4495
4495 4494
4494 4493
4493 4492
4492 4491
4491 4490
4490 4489
4489 4488
4488 4487
4487 4486
4486 4485
4485 4484
4484 4483
4483 4482
4482 4481
4481 4480
4480 4479
4479 4478
4478 4477
4477 4476
4476 4475
4475 4474
4474 4473
4473 4472
4472 4471
4471 4470
4470 4469
4469 4468
4468 4467
4467 4466
4466 4465
4465 4464
4464 4463
4463 4462
4462 4461
4461 4460
4460 4459
4459 4458
4458 4457
4457 4456
4456 4455
4455 4454
4454 4453
4453 4452
4452 4451
4451 4450
4450 4449
4449 4448
4448 4447
4447 4446
4446 4445
4445 4536
4535 4534
4534 4533
4533 4532
4532 4531
4531 4530
4530 4529
4529 4528
4528 4527
4527 4526
4526 4525
4525 4524
4524 4523
4523 4522
4522 4521
4521 4520
4520 4519
4519 4518
4518 4517
4517 4516
4516 4515
4515 4514
4514 4513
4513 4512
4512 4511
4511 4510
4510 4509
4509 4508
4508 4507
4507 4506
4506 4505
4505 4504
4504 4503
4503 4502
4502 4501
4501 4500
4500 4499
4499 4498
4498 4497
4497 4496
4496 4495
4495 4494
4494 4493
4493 4492
4492 4491
4491 4490
4490 4489
4489 4488
4488 4487
4487 4486
4486 4485
4485 4484
4484 4483
4483 4482
4482 4481
4481 4480
4480 4479
4479 4478
4478 4477
4477 4476
4476 4475
4475 4474
4474 4473
4473 4472
4472 4471
4471 4470
4470 4469
4469 4468
4468 4467
4467 4466
4466 4465
4465 4464
4464 4463
4463 4462
4462 4461
4461 4460
4460 4459
4459 4458
4458 4457
4457 4456
4456 4455
4455 4454
4454 4453
4453 4452
4452 4451
4451 4450
4450 4449
4449 4448
4448 4447
4447 4446
4446 4445
4445 4537
4536 4535
4535 4534
4534 4533
4533 4532
4532 4531
4531 4530
4530 4529
4529 4528
4528 4527
4527 4526
4526 4525
4525 4524
4524 4523
4523 4522
4522 4521
4521 4520
4520 4519
4519 4518
4518 4517
4517 4516
4516 4515
4515 4514
4514 4513
4513 4512
4512 4511
4511 4510
4510 4509
4509 4508
4508 4507
4507 4506
4506 4505
4505 4504
4504 4503
4503 4502
4502 4501
4501 4500
4500 4499
4499 4498
4498 4497
4497 4496
4496 4495
4495 4494
4494 4493
4493 4492
4492 4491
4491 4490
4490 4489
4489 4488
4488 4487
4487 4486
4486 4485
4485 4484
4484 4483
4483 4482
4482 4481
4481 4480
4480 4479
4479 4478
4478 4477
4477 4476
4476 4475
4475 4474
4474 4473
4473 4472
4472 4471
4471 4470
4470 4469
4469 4468
4468 4467
4467 4466
4466 4465
4465 4464
4464 4463
4463 4462
4462 4461
4461 4460
4460 4459
4459 4458
4458 4457
4457 4456
4456 4455
4455 4454
4454 4453
4453 4452
4452 4451
4451 4450
4450 4449
4449 4448
4448 4447
4447 4446
4446 4445
4445 4538
4537 4536
4536 4535
4535 4534
4534 4533
4533 4532
4532 4531
4531 4530
4530 4529
4529 4528
4528 4527
4527 4526
4526 4525
4525 4524
4524 4523
4523 4522
4522 4521
4521 4520
4520 4519
4519 4518
4518 4517
4517 4516
4516 4515
4515 4514
4514 4513
4513 4512
4512 4511
4511 4510
4510 4509
4509 4508
4508 4507
4507 4506
4506 4505
4505 4504
4504 4503
4503 4502
4502 4501
4501 4500
4500 4499
4499 4498
4498 4497
4497 4496
4496 4495
4495 4494
4494 4493
4493 4492
4492 4491
4491 4490
4490 4489
4489 4488
4488 4487
4487 4486
4486 4485
4485 4484
4484 4483
4483 4482
4482 4481
4481 4480
4480 4479
4479 4478
4478 4477
4477 4476
4476 4475
4475 4474
4474 4473
4473 4472
4472 4471
4471 4470
4470 4469
4469 4468
4468 4467
4467 4466
4466 4465
4465 4464
4464 4463
4463 4462
4462 4461
4461 4460
4460 4459
4459 4458
4458 4457
4457 4456
4456 4455
4455 4454
4454 4453
4453 4452
4452 4451
4451 4450
4450 4449
4449 4448
4448 4447
4447 4446
4446 4445
4445 4539
4538 4537
4537 4536
4536 4535
4535 4534
4534 4533
4533 4532
4532 4531
4531 4530
4530 4529
4529 4528
4528 4527
4527 4526
4526 4525
4525 4524
4524 4523
4523 4522
4522 4521
4521 4520
4520 4519
4519 4518
4518 4517
4517 4516
4516 4515
4515 4514
4514 4513
4513 4512
4512 4511
4511 4510
4510 4509
4509 4508
4508 4507
4507 4506
4506 4505
4505 4504
4504 4503
4503 4502
4502 4501
4501 4500
4500 4499
4499 4498
4498 4497
4497 4496
4496 4495
4495 4494
4494 4493
4493 4492
4492 4491
4491 4490
4490 4489
4489 4488
4488 4487
4487 4486
4486 4485
4485 4484
4484 4483
4483 4482
4482 4481
4481 4480
4480 4479
4479 4478
4478 4477
4477 4476
4476 4475
4475 4474
4474 4473
4473 4472
4472 4471
4471 4470
4470 4469
4469 4468
4468 4467
4467 4466
4466 4465
4465 4464
4464 4463
4463 4462
4462 4461
4461 4460
4460 4459
4459 4458
4458 4457
4457 4456
4456 4455
4455 4454
4454 4453
4453 4452
4452 4451
4451 4450
4450 4449
4449 4448
4448 4447
4447 4446
4446 4445
4445 4540
4539 4538
4538 4537
4537 4536
4536 4535
4535 4534
4534 4533
4533 4532
4532 4531
4531 4530
4530 4529
4529 4528
4528 4527
4527 4526
4526 4525
4525 4524
4524 4523
4523 4522
4522 4521
4521 4520
4520 4519
4519 4518
4518 4517
4517 4516
4516 4515
4515 4514
4514 4513
4513 4512
4512 4511
4511 4510
4510 4509
4509 4508
4508 4507
4507 4506
4506 4505
4505 4504
4504 4503
4503 4502
4502 4501
4501 4500
4500 4499
4499 4498
4498 4497
4497 4496
4496 4495
4495 4494
4494 4493
4493 4492
4492 4491
4491 4490
4490 4489
4489 4488
4488 4487
4487 4486
4486 4485
4485 4484
4484 4483
4483 4482
4482 4481
4481 4480
4480 4479
4479 4478
4478 4477
4477 4476
4476 4475
4475 4474
4474 4473
4473 4472
4472 4471
4471 4470
4470 4469
4469 4468
4468 4467
4467 4466
4466 4465
4465 4464
4464 4463
4463 4462
4462 4461
4461 4460
4460 4459
4459 4458
4458 4457
4457 4456
4456 4455
4455 4454
4454 4453
4453 4452
4452 4451
4451 4450
4450 4449
4449 4448
4448 4447
4447 4446
4446 4445
4445 4541
4540 4539
4539 4538
4538 4537
4537 4536
4536 4535
4535 4534
4534 4533
4533 4532
4532 4531
4531 4530
4530 4529
4529 4528
4528 4527
4527 4526
4526 4525
4525 4524
4524 4523
4523 4522
4522 4521
4521 4520
4520 4519
4519 4518
4518 4517
4517 4516
4516 4515
4515 4514
4514 4513
4513 4512
4512 4511
4511 4510
4510 4509
4509 4508
4508 4507
4507 4506
4506 4505
4505 4504
4504 4503
4503 4502
4502 4501
4501 4500
4500 4499
4499 4498
4498 4497
4497 4496
4496 4495
4495 4494
4494 4493
4493 4492
4492 4491
4491 4490
4490 4489
4489 4488
4488 4487
4487 4486
4486 4485
4485 4484
4484 4483
4483 4482
4482 4481
4481 4480
4480 4479
4479 4478
4478 4477
4477 4476
4476 4475
4475 4474
4474 4473
4473 4472
4472 4471
4471 4470
4470 4469
4469 4468
4468 4467
4467 4466
4466 4465
4465 4464
4464 4463
4463 4462
4462 4461
4461 4460
4460 4459
4459 4458
4458 4457
4457 4456
4456 4455
4455 4454
4454 4453
4453 4452
4452 4451
4451 4450
4450 4449
4449 4448
4448 4447
4447 4446
4446 4445
4445 4542
4541 4540
4540 4539
4539 4538
4538 4537
4537 4536
4536 4535
4535 4534
4534 4533
4533 4532
4532 4531
4531 4530
4530 4529
4529 4528
4528 4527
4527 4526
4526 4525
4525 4524
4524 4523
4523 4522
4522 4521
4521 4520
4520 4519
4519 4518
4518 4517
4517 4516
4516 4515
4515 4514
4514 4513
4513 4512
4512 4511
4511 4510
4510 4509
4509 4508
4508 4507
4507 4506
4506 4505
4505 4504
4504 4503
4503 4502
4502 4501
4501 4500
4500 4499
4499 4498
4498 4497
4497 4496
4496 4495
4495 4494
4494 4493
4493 4492
4492 4491
4491 4490
4490 4489
4489 4488
4488 4487
4487 4486
4486 4485
4485 4484
4484 4483
4483 4482
4482 4481
4481 4480
4480 4479
4479 4478
4478 4477
4477 4476
4476 4475
4475 4474
4474 4473
4473 4472
4472 4471
4471 4470
4470 4469
4469 4468
4468 4467
4467 4466
4466 4465
4465 4464
4464 4463
4463 4462
4462 4461
4461 4460
4460 4459
4459 4458
4458 4457
4457 4456
4456 4455
4455 4454
4454 4453
4453 4452
4452 4451
4451 4450
4450 4449
4449 4448
4448 4447
4447 4446
4446 4445
4445 4543
4542 4541
4541 4540
4540 4539
4539 4538
4538 4537
4537 4536
4536 4535
4535 4534
4534 4533
4533 4532
4532 4531
4531 4530
4530 4529
4529 4528
4528 4527
4527 4526
4526 4525
4525 4524
4524 4523
4523 4522
4522 4521
4521 4520
4520 4519
4519 4518
4518 4517
4517 4516
4516 4515
4515 4514
4514 4513
4513 4512
4512 4511
4511 4510
4510 4509
4509 4508
4508 4507
4507 4506
4506 4505
4505 4504
4504 4503
4503 4502
4502 4501
4501 4500
4500 4499
4499 4498
4498 4497
4497 4496
4496 4495
4495 4494
4494 4493
4493 4492
4492 4491
4491 4490
4490 4489
4489 4488
4488 4487
4487 4486
4486 4485
4485 4484
4484 4483
4483 4482
4482 4481
4481 4480
4480 4479
4479 4478
4478 4477
4477 4476
4476 4475
4475 4474
4474 4473
4473 4472
4472 4471
4471 4470
4470 4469
4469 4468
4468 4467
4467 4466
4466 4465
4465 4464
4464 4463
4463 4462
4462 4461
4461 4460
4460 4459
4459 4458
4458 4457
4457 4456
4456 4455
4455 4454
4454 4453
4453 4452
4452 4451
4451 4450
4450 4449
4449 4448
4448 4447
4447 4446
4446 4445
4445 4544
4543 4542
4542 4541
4541 4540
4540 4539
4539 4538
4538 4537
4537 4536
4536 4535
4535 4534
4534 4533
4533 4532
4532 4531
4531 4530
4530 4529
4529 4528
4528 4527
4527 4526
4526 4525
4525 4524
4524 4523
4523 4522
4522 4521
4521 4520
4520 4519
4519 4518
4518 4517
4517 4516
4516 4515
4515 4514
4514 4513
4513 4512
4512 4511
4511 4510
4510 4509
4509 4508
4508 4507
4507 4506
4506 4505
4505 4504
4504 4503
4503 4502
4502 4501
4501 4500
4500 4499
4499 4498
4498 4497
4497 4496
4496 4495
4495 4494
4494 4493
4493 4492
4492 4491
4491 4490
4490 4489
4489 4488
4488 4487
4487 4486
4486 4485
4485 4484
4484 4483
4483 4482
4482 4481
4481 4480
4480 4479
4479 4478
4478 4477
4477 4476
4476 4475
4475 4474
4474 4473
4473 4472
4472 4471
4471 4470
4470 4469
4469 4468
4468 4467
4467 4466
4466 4465
4465 4464
4464 4463
4463 4462
4462 4461
4461 4460
4460 4459
4459 4458
4458 4457
4457 4456
4456 4455
4455 4454
4454 4453
4453 4452
4452 4451
4451 4450
4450 4449
4449 4448
4448 4447
4447 4446
4446 4445
4445 4545
4544 4543
4543 4542
4542 4541
4541 4540
4540 4539
4539 4538
4538 4537
4537 4536
4536 4535
4535 4534
4534 4533
4533 4532
4532 4531
4531 4530
4530 4529
4529 4528
4528 4527
4527 4526
4526 4525
4525 4524
4524 4523
4523 4522
4522 4521
4521 4520
4520 4519
4519 4518
4518 4517
4517 4516
4516 4515
4515 4514
4514 4513
4513 4512
4512 4511
4511 4510
4510 4509
4509 4508
4508 4507
4507 4506
4506 4505
4505 4504
4504 4503
4503 4502
4502 4501
4501 4500
4500 4499
4499 4498
4498 4497
4497 4496
4496 4495
4495 4494
4494 4493
4493 4492
4492 4491
4491 4490
4490 4489
4489 4488
4488 4487
4487 4486
4486 4485
4485 4484
4484 4483
4483 4482
4482 4481
4481 4480
4480 4479
4479 4478
4478 4477
4477 4476
4476 4475
4475 4474
4474 4473
4473 4472
4472 4471
4471 4470
4470 4469
4469 4468
4468 4467
4467 4466
4466 4465
4465 4464
4464 4463
4463 4462
4462 4461
4461 4460
4460 4459
4459 4458
4458 4457
4457 4456
4456 4455
4455 4454
4454 4453
4453 4452
4452 4451
4451 4450
4450 4449
4449 4448
4448 4447
4447 4446
4446 4445
4445 4546
4545 4544
4544 4543
4543 4542
4542 4541
4541 4540
4540 4539
4539 4538
4538 4537
4537 4536
4536 4535
4535 4534
4534 4533
4533 4532
4532 4531
4531 4530
4530 4529
4529 4528
4528 4527
4527 4526
4526 4525
4525 4524
4524 4523
4523 4522
4522 4521
4521 4520
4520 4519
4519 4518
4518 4517
4517 4516
4516 4515
4515 4514
4514 4513
4513 4512
4512 4511
4511 4510
4510 4509
4509 4508
4508 4507
4507 4506
4506 4505
4505 4504
4504 4503
4503 4502
4502 4501
4501 4500
4500 4499
4499 4498
4498 4497
4497 4496
4496 4495
4495 4494
4494 4493
4493 4492
4492 4491
4491 4490
4490 4489
4489 4488
4488 4487
4487 4486
4486 4485
4485 4484
4484 4483
4483 4482
4482 4481
4481 4480
4480 4479
4479 4478
4478 4477
4477 4476
4476 4475
4475 4474
4474 4473
4473 4472
4472 4471
4471 4470
4470 4469
4469 4468
4468 4467
4467 4466
4466 4465
4465 4464
4464 4463
4463 4462
4462 4461
4461 4460
4460 4459
4459 4458
4458 4457
4457 4456
4456 4455
4455 4454
4454 4453
4453 4452
4452 4451
4451 4450
4450 4449
4449 4448
4448 4447
4447 4446
4446 4445
4445 4547
4546 4545
4545 4544
4544 4543
4543 4542
4542 4541
4541 4540
4540 4539
4539 4538
4538 4537
4537 4536
4536 4535
4535 4534
4534 4533
4533 4532
4532 4531
4531 4530
4530 4529
4529 4528
4528 4527
4527 4526
4526 4525
4525 4524
4524 4523
4523 4522
4522 4521
4521 4520
4520 4519
4519 4518
4518 4517
4517 4516
4516 4515
4515 4514
4514 4513
4513 4512
4512 4511
4511 4510
4510 4509
4509 4508
4508 4507
4507 4506
4506 4505
4505 4504
4504 4503
4503 4502
4502 4501
4501 4500
4500 4499
4499 4498
4498 4497
4497 4496
4496 4495
4495 4494
4494 4493
4493 4492
4492 4491
4491 4490
4490 4489
4489 4488
4488 4487
4487 4486
4486 4485
4485 4484
4484 4483
4483 4482
4482 4481
4481 4480
4480 4479
4479 4478
4478 4477
4477 4476
4476 4475
4475 4474
4474 4473
4473 4472
4472 4471
4471 4470
4470 4469
4469 4468
4468 4467
4467 4466
4466 4465
4465 4464
4464 4463
4463 4462
4462 4461
4461 4460
4460 4459
4459 4458
4458 4457
4457 4456
4456 4455
4455 4454
4454 4453
4453 4452
4452 4451
4451 4450
4450 4449
4449 4448
4448 4447
4447 4446
4446 4445
4445 4548
4547 4546
4546 4545
4545 4544
4544 4543
4543 4542
4542 4541
4541 4540
4540 4539
4539 4538
4538 4537
4537 4536
4536 4535
4535 4534
4534 4533
4533 4532
4532 4531
4531 4530
4530 4529
4529 4528
4528 4527
4527 4526
4526 4525
4525 4524
4524 4523
4523 4522
4522 4521
4521 4520
4520 4519
4519 4518
4518 4517
4517 4516
4516 4515
4515 4514
4514 4513
4513 4512
4512 4511
4511 4510
4510 4509
4509 4508
4508 4507
4507 4506
4506 4505
4505 4504
4504 4503
4503 4502
4502 4501
4501 4500
4500 4499
4499 4498
4498 4497
4497 4496
4496 4495
4495 4494
4494 4493
4493 4492
4492 4491
4491 4490
4490 4489
4489 4488
4488 4487
4487 4486
4486 4485
4485 4484
4484 4483
4483 4482
4482 4481
4481 4480
4480 4479
4479 4478
4478 4477
4477 4476
4476 4475
4475 4474
4474 4473
4473 4472
4472 4471
4471 4470
4470 4469
4469 4468
4468 4467
4467 4466
4466 4465
4465 4464
4464 4463
4463 4462
4462 4461
4461 4460
4460 4459
4459 4458
4458 4457
4457 4456
4456 4455
4455 4454
4454 4453
4453 4452
4452 4451
4451 4450
4450 4449
4449 4448
4448 4447
4447 4446
4446 4445
4445 4549
4548 4547
4547 4546
4546 4545
4545 4544
4544 4543
4543 4542
4542 4541
4541 4540
4540 4539
4539 4538
4538 4537
4537 4536
4536 4535
4535 4534
4534 4533
4533 4532
4532 4531
4531 4530
4530 4529
4529 4528
4528 4527
4527 4526
4526 4525
4525 4524
4524 4523
4523 4522
4522 4521
4521 4520
4520 4519
4519 4518
4518 4517
4517 4516
4516 4515
4515 4514
4514 4513
4513 4512
4512 4511
4511 4510
4510 4509
4509 4508
4508 4507
4507 4506
4506 4505
4505 4504
4504 4503
4503 4502
4502 4501
4501 4500
4500 4499
4499 4498
4498 4497
4497 4496
4496 4495
4495 4494
4494 4493
4493 4492
4492 4491
4491 4490
4490 4489
4489 4488
4488 4487
4487 4486
4486 4485
4485 4484
4484 4483
4483 4482
4482 4481
4481 4480
4480 4479
4479 4478
4478 4477
4477 4476
4476 4475
4475 4474
4474 4473
4473 4472
4472 4471
4471 4470
4470 4469
4469 4468
4468 4467
4467 4466
4466 4465
4465 4464
4464 4463
4463 4462
4462 4461
4461 4460
4460 4459
4459 4458
4458 4457
4457 4456
4456 4455
4455 4454
4454 4453
4453 4452
4452 4451
4451 4450
4450 4449
4449 4448
4448 4447
4447 4446
4446 4445
4445 4550
4549 4548
4548 4547
4547 4546
4546 4545
4545 4544
4544 4543
4543 4542
4542 4541
4541 4540
4540 4539
4539 4538
4538 4537
4537 4536
4536 4535
4535 4534
4534 4533
4533 4532
4532 4531
4531 4530
4530 4529
4529 4528
4528 4527
4527 4526
4526 4525
4525 4524
4524 4523
4523 4522
4522 4521
4521 4520
4520 4519
4519 4518
4518 4517
4517 4516
4516 4515
4515 4514
4514 4513
4513 4512
4512 4511
4511 4510
4510 4509
4509 4508
4508 4507
4507 4506
4506 4505
4505 4504
4504 4503
4503 4502
4502 4501
4501 4500
4500 4499
4499 4498
4498 4497
4497 4496
4496 4495
4495 4494
4494 4493
4493 4492
4492 4491
4491 4490
4490 4489
4489 4488
4488 4487
4487 4486
4486 4485
4485 4484
4484 4483
4483 4482
4482 4481
4481 4480
4480 4479
4479 4478
4478 4477
4477 4476
4476 4475
4475 4474
4474 4473
4473 4472
4472 4471
4471 4470
4470 4469
4469 4468
4468 4467
4467 4466
4466 4465
4465 4464
4464 4463
4463 4462
4462 4461
4461 4460
4460 4459
4459 4458
4458 4457
4457 4456
4456 4455
4455 4454
4454 4453
4453 4452
4452 4451
4451 4450
4450 4449
4449 4448
4448 4447
4447 4446
4446 4445
