2148
2940 6958
3009 6958
3480 3481
3277 6958
3480 3482
3481 3480
3480 3483
3482 3481
3481 3480
3480 3484
3483 3482
3482 3481
3481 3480
3480 3485
3484 3483
3483 3482
3482 3481
3481 3480
3480 3486
3485 3484
3484 3483
3483 3482
3482 3481
3481 3480
3480 3487
3486 3485
3485 3484
3484 3483
3483 3482
3482 3481
3481 3480
3480 3488
3487 3486
3486 3485
3485 3484
3484 3483
3483 3482
3482 3481
3481 3480
3480 3489
3488 3487
3487 3486
3486 3485
3485 3484
3484 3483
3483 3482
3482 3481
3481 3480
3480 3490
3489 3488
3488 3487
3487 3486
3486 3485
3485 3484
3484 3483
3483 3482
3482 3481
3481 3480
3480 3491
3490 3489
3489 3488
3488 3487
3487 3486
3486 3485
3485 3484
3484 3483
3483 3482
3482 3481
3481 3480
3480 3492
3491 3490
3490 3489
3489 3488
3488 3487
3487 3486
3486 3485
3485 3484
3484 3483
3483 3482
3482 3481
3481 3480
3480 3493
3492 3491
3491 3490
3490 3489
3489 3488
3488 3487
3487 3486
3486 3485
3485 3484
3484 3483
3483 3482
3482 3481
3481 3480
3480 3494
3493 3492
3492 3491
3491 3490
3490 3489
3489 3488
3488 3487
3487 3486
3486 3485
3485 3484
3484 3483
3483 3482
3482 3481
3481 3480
3480 3495
3494 3493
3493 3492
3492 3491
3491 3490
3490 3489
3489 3488
3488 3487
3487 3486
3486 3485
3485 3484
3484 3483
3483 3482
3482 3481
3481 3480
3480 3496
3495 3494
3494 3493
3493 3492
3492 3491
3491 3490
3490 3489
3489 3488
3488 3487
3487 3486
3486 3485
3485 3484
3484 3483
3483 3482
3482 3481
3481 3480
3480 3497
3496 3495
3495 3494
3494 3493
3493 3492
3492 3491
3491 3490
3490 3489
3489 3488
3488 3487
3487 3486
3486 3485
3485 3484
3484 3483
3483 3482
3482 3481
3481 3480
3480 3498
3497 3496
3496 3495
3495 3494
3494 3493
3493 3492
3492 3491
3491 3490
3490 3489
3489 3488
3488 3487
3487 3486
3486 3485
3485 3484
3484 3483
3483 3482
3482 3481
3481 3480
3480 3499
3498 3497
3497 3496
3496 3495
3495 3494
3494 3493
3493 3492
3492 3491
3491 3490
3490 3489
3489 3488
3488 3487
3487 3486
3486 3485
3485 3484
3484 3483
3483 3482
3482 3481
3481 3480
3480 3500
3499 3498
3498 3497
3497 3496
3496 3495
3495 3494
3494 3493
3493 3492
3492 3491
3491 3490
3490 3489
3489 3488
3488 3487
3487 3486
3486 3485
3485 3484
3484 3483
3483 3482
3482 3481
3481 3480
3480 3501
3500 3499
3499 3498
3498 3497
3497 3496
3496 3495
3495 3494
3494 3493
3493 3492
3492 3491
3491 3490
3490 3489
3489 3488
3488 3487
3487 3486
3486 3485
3485 3484
3484 3483
3483 3482
3482 3481
3481 3480
3480 3502
3501 3500
3500 3499
3499 3498
3498 3497
3497 3496
3496 3495
3495 3494
3494 3493
3493 3492
3492 3491
3491 3490
3490 3489
3489 3488
3488 3487
3487 3486
3486 3485
3485 3484
3484 3483
3483 3482
3482 3481
3481 3480
3480 3503
3502 3501
3501 3500
3500 3499
3499 3498
3498 3497
3497 3496
3496 3495
3495 3494
3494 3493
3493 3492
3492 3491
3491 3490
3490 3489
3489 3488
3488 3487
3487 3486
3486 3485
3485 3484
3484 3483
3483 3482
3482 3481
3481 3480
3480 3504
3503 3502
3502 3501
3501 3500
3500 3499
3499 3498
3498 3497
3497 3496
3496 3495
3495 3494
3494 3493
3493 3492
3492 3491
3491 3490
3490 3489
3489 3488
3488 3487
3487 3486
3486 3485
3485 3484
3484 3483
3483 3482
3482 3481
3481 3480
3480 3505
3504 3503
3503 3502
3502 3501
3501 3500
3500 3499
3499 3498
3498 3497
3497 3496
3496 3495
3495 3494
3494 3493
3493 3492
3492 3491
3491 3490
3490 3489
3489 3488
3488 3487
3487 3486
3486 3485
3485 3484
3484 3483
3483 3482
3482 3481
3481 3480
3480 3506
3505 3504
3504 3503
3503 3502
3502 3501
3501 3500
3500 3499
3499 3498
3498 3497
3497 3496
3496 3495
3495 3494
3494 3493
3493 3492
3492 3491
3491 3490
3490 3489
3489 3488
3488 3487
3487 3486
3486 3485
3485 3484
3484 3483
3483 3482
3482 3481
3481 3480
3480 3507
3506 3505
3505 3504
3504 3503
3503 3502
3502 3501
3501 3500
3500 3499
3499 3498
3498 3497
3497 3496
3496 3495
3495 3494
3494 3493
3493 3492
3492 3491
3491 3490
3490 3489
3489 3488
3488 3487
3487 3486
3486 3485
3485 3484
3484 3483
3483 3482
3482 3481
3481 3480
3480 3508
3507 3506
3506 3505
3505 3504
3504 3503
3503 3502
3502 3501
3501 3500
3500 3499
3499 3498
3498 3497
3497 3496
3496 3495
3495 3494
3494 3493
3493 3492
3492 3491
3491 3490
3490 3489
3489 3488
3488 3487
3487 3486
3486 3485
3485 3484
3484 3483
3483 3482
3482 3481
3481 3480
3480 3509
3508 3507
3507 3506
3506 3505
3505 3504
3504 3503
3503 3502
3502 3501
3501 3500
3500 3499
3499 3498
3498 3497
3497 3496
3496 3495
3495 3494
3494 3493
3493 3492
3492 3491
3491 3490
3490 3489
3489 3488
3488 3487
3487 3486
3486 3485
3485 3484
3484 3483
3483 3482
3482 3481
3481 3480
3480 3510
3509 3508
3508 3507
3507 3506
3506 3505
3505 3504
3504 3503
3503 3502
3502 3501
3501 3500
3500 3499
3499 3498
3498 3497
3497 3496
3496 3495
3495 3494
3494 3493
3493 3492
3492 3491
3491 3490
3490 3489
3489 3488
3488 3487
3487 3486
3486 3485
3485 3484
3484 3483
3483 3482
3482 3481
3481 3480
3480 3511
3510 3509
3509 3508
3508 3507
3507 3506
3506 3505
3505 3504
3504 3503
3503 3502
3502 3501
3501 3500
3500 3499
3499 3498
3498 3497
3497 3496
3496 3495
3495 3494
3494 3493
3493 3492
3492 3491
3491 3490
3490 3489
3489 3488
3488 3487
3487 3486
3486 3485
3485 3484
3484 3483
3483 3482
3482 3481
3481 3480
3480 3512
3511 3510
3510 3509
3509 3508
3508 3507
3507 3506
3506 3505
3505 3504
3504 3503
3503 3502
3502 3501
3501 3500
3500 3499
3499 3498
3498 3497
3497 3496
3496 3495
3495 3494
3494 3493
3493 3492
3492 3491
3491 3490
3490 3489
3489 3488
3488 3487
3487 3486
3486 3485
3485 3484
3484 3483
3483 3482
3482 3481
3481 3480
3480 3513
3512 3511
3511 3510
3510 3509
3509 3508
3508 3507
3507 3506
3506 3505
3505 3504
3504 3503
3503 3502
3502 3501
3501 3500
3500 3499
3499 3498
3498 3497
3497 3496
3496 3495
3495 3494
3494 3493
3493 3492
3492 3491
3491 3490
3490 3489
3489 3488
3488 3487
3487 3486
3486 3485
3485 3484
3484 3483
3483 3482
3482 3481
3481 3480
3480 3514
3513 3512
3512 3511
3511 3510
3510 3509
3509 3508
3508 3507
3507 3506
3506 3505
3505 3504
3504 3503
3503 3502
3502 3501
3501 3500
3500 3499
3499 3498
3498 3497
3497 3496
3496 3495
3495 3494
3494 3493
3493 3492
3492 3491
3491 3490
3490 3489
3489 3488
3488 3487
3487 3486
3486 3485
3485 3484
3484 3483
3483 3482
3482 3481
3481 3480
3480 3515
3514 3513
3513 3512
3512 3511
3511 3510
3510 3509
3509 3508
3508 3507
3507 3506
3506 3505
3505 3504
3504 3503
3503 3502
3502 3501
3501 3500
3500 3499
3499 3498
3498 3497
3497 3496
3496 3495
3495 3494
3494 3493
3493 3492
3492 3491
3491 3490
3490 3489
3489 3488
3488 3487
3487 3486
3486 3485
3485 3484
3484 3483
3483 3482
3482 3481
3481 3480
3480 3516
3515 3514
3514 3513
3513 3512
3512 3511
3511 3510
3510 3509
3509 3508
3508 3507
3507 3506
3506 3505
3505 3504
3504 3503
3503 3502
3502 3501
3501 3500
3500 3499
3499 3498
3498 3497
3497 3496
3496 3495
3495 3494
3494 3493
3493 3492
3492 3491
3491 3490
3490 3489
3489 3488
3488 3487
3487 3486
3486 3485
3485 3484
3484 3483
3483 3482
3482 3481
3481 3480
3480 3517
3516 3515
3515 3514
3514 3513
3513 3512
3512 3511
3511 3510
3510 3509
3509 3508
3508 3507
3507 3506
3506 3505
3505 3504
3504 3503
3503 3502
3502 3501
3501 3500
3500 3499
3499 3498
3498 3497
3497 3496
3496 3495
3495 3494
3494 3493
3493 3492
3492 3491
3491 3490
3490 3489
3489 3488
3488 3487
3487 3486
3486 3485
3485 3484
3484 3483
3483 3482
3482 3481
3481 3480
3480 3518
3517 3516
3516 3515
3515 3514
3514 3513
3513 3512
3512 3511
3511 3510
3510 3509
3509 3508
3508 3507
3507 3506
3506 3505
3505 3504
3504 3503
3503 3502
3502 3501
3501 3500
3500 3499
3499 3498
3498 3497
3497 3496
3496 3495
3495 3494
3494 3493
3493 3492
3492 3491
3491 3490
3490 3489
3489 3488
3488 3487
3487 3486
3486 3485
3485 3484
3484 3483
3483 3482
3482 3481
3481 3480
3480 3519
3518 3517
3517 3516
3516 3515
3515 3514
3514 3513
3513 3512
3512 3511
3511 3510
3510 3509
3509 3508
3508 3507
3507 3506
3506 3505
3505 3504
3504 3503
3503 3502
3502 3501
3501 3500
3500 3499
3499 3498
3498 3497
3497 3496
3496 3495
3495 3494
3494 3493
3493 3492
3492 3491
3491 3490
3490 3489
3489 3488
3488 3487
3487 3486
3486 3485
3485 3484
3484 3483
3483 3482
3482 3481
3481 3480
3480 3520
3519 3518
3518 3517
3517 3516
3516 3515
3515 3514
3514 3513
3513 3512
3512 3511
3511 3510
3510 3509
3509 3508
3508 3507
3507 3506
3506 3505
3505 3504
3504 3503
3503 3502
3502 3501
3501 3500
3500 3499
3499 3498
3498 3497
3497 3496
3496 3495
3495 3494
3494 3493
3493 3492
3492 3491
3491 3490
3490 3489
3489 3488
3488 3487
3487 3486
3486 3485
3485 3484
3484 3483
3483 3482
3482 3481
3481 3480
3480 3521
3520 3519
3519 3518
3518 3517
3517 3516
3516 3515
3515 3514
3514 3513
3513 3512
3512 3511
3511 3510
3510 3509
3509 3508
3508 3507
3507 3506
3506 3505
3505 3504
3504 3503
3503 3502
3502 3501
3501 3500
3500 3499
3499 3498
3498 3497
3497 3496
3496 3495
3495 3494
3494 3493
3493 3492
3492 3491
3491 3490
3490 3489
3489 3488
3488 3487
3487 3486
3486 3485
3485 3484
3484 3483
3483 3482
3482 3481
3481 3480
3480 3522
3521 3520
3520 3519
3519 3518
3518 3517
3517 3516
3516 3515
3515 3514
3514 3513
3513 3512
3512 3511
3511 3510
3510 3509
3509 3508
3508 3507
3507 3506
3506 3505
3505 3504
3504 3503
3503 3502
3502 3501
3501 3500
3500 3499
3499 3498
3498 3497
3497 3496
3496 3495
3495 3494
3494 3493
3493 3492
3492 3491
3491 3490
3490 3489
3489 3488
3488 3487
3487 3486
3486 3485
3485 3484
3484 3483
3483 3482
3482 3481
3481 3480
3480 3523
3522 3521
3521 3520
3520 3519
3519 3518
3518 3517
3517 3516
3516 3515
3515 3514
3514 3513
3513 3512
3512 3511
3511 3510
3510 3509
3509 3508
3508 3507
3507 3506
3506 3505
3505 3504
3504 3503
3503 3502
3502 3501
3501 3500
3500 3499
3499 3498
3498 3497
3497 3496
3496 3495
3495 3494
3494 3493
3493 3492
3492 3491
3491 3490
3490 3489
3489 3488
3488 3487
3487 3486
3486 3485
3485 3484
3484 3483
3483 3482
3482 3481
3481 3480
3480 3524
3523 3522
3522 3521
3521 3520
3520 3519
3519 3518
3518 3517
3517 3516
3516 3515
3515 3514
3514 3513
3513 3512
3512 3511
3511 3510
3510 3509
3509 3508
3508 3507
3507 3506
3506 3505
3505 3504
3504 3503
3503 3502
3502 3501
3501 3500
3500 3499
3499 3498
3498 3497
3497 3496
3496 3495
3495 3494
3494 3493
3493 3492
3492 3491
3491 3490
3490 3489
3489 3488
3488 3487
3487 3486
3486 3485
3485 3484
3484 3483
3483 3482
3482 3481
3481 3480
3480 3525
3524 3523
3523 3522
3522 3521
3521 3520
3520 3519
3519 3518
3518 3517
3517 3516
3516 3515
3515 3514
3514 3513
3513 3512
3512 3511
3511 3510
3510 3509
3509 3508
3508 3507
3507 3506
3506 3505
3505 3504
3504 3503
3503 3502
3502 3501
3501 3500
3500 3499
3499 3498
3498 3497
3497 3496
3496 3495
3495 3494
3494 3493
3493 3492
3492 3491
3491 3490
3490 3489
3489 3488
3488 3487
3487 3486
3486 3485
3485 3484
3484 3483
3483 3482
3482 3481
3481 3480
3480 3526
3525 3524
3524 3523
3523 3522
3522 3521
3521 3520
3520 3519
3519 3518
3518 3517
3517 3516
3516 3515
3515 3514
3514 3513
3513 3512
3512 3511
3511 3510
3510 3509
3509 3508
3508 3507
3507 3506
3506 3505
3505 3504
3504 3503
3503 3502
3502 3501
3501 3500
3500 3499
3499 3498
3498 3497
3497 3496
3496 3495
3495 3494
3494 3493
3493 3492
3492 3491
3491 3490
3490 3489
3489 3488
3488 3487
3487 3486
3486 3485
3485 3484
3484 3483
3483 3482
3482 3481
3481 3480
3480 3527
3526 3525
3525 3524
3524 3523
3523 3522
3522 3521
3521 3520
3520 3519
3519 3518
3518 3517
3517 3516
3516 3515
3515 3514
3514 3513
3513 3512
3512 3511
3511 3510
3510 3509
3509 3508
3508 3507
3507 3506
3506 3505
3505 3504
3504 3503
3503 3502
3502 3501
3501 3500
3500 3499
3499 3498
3498 3497
3497 3496
3496 3495
3495 3494
3494 3493
3493 3492
3492 3491
3491 3490
3490 3489
3489 3488
3488 3487
3487 3486
3486 3485
3485 3484
3484 3483
3483 3482
3482 3481
3481 3480
3480 3528
3527 3526
3526 3525
3525 3524
3524 3523
3523 3522
3522 3521
3521 3520
3520 3519
3519 3518
3518 3517
3517 3516
3516 3515
3515 3514
3514 3513
3513 3512
3512 3511
3511 3510
3510 3509
3509 3508
3508 3507
3507 3506
3506 3505
3505 3504
3504 3503
3503 3502
3502 3501
3501 3500
3500 3499
3499 3498
3498 3497
3497 3496
3496 3495
3495 3494
3494 3493
3493 3492
3492 3491
3491 3490
3490 3489
3489 3488
3488 3487
3487 3486
3486 3485
3485 3484
3484 3483
3483 3482
3482 3481
3481 3480
3480 3529
3528 3527
3527 3526
3526 3525
3525 3524
3524 3523
3523 3522
3522 3521
3521 3520
3520 3519
3519 3518
3518 3517
3517 3516
3516 3515
3515 3514
3514 3513
3513 3512
3512 3511
3511 3510
3510 3509
3509 3508
3508 3507
3507 3506
3506 3505
3505 3504
3504 3503
3503 3502
3502 3501
3501 3500
3500 3499
3499 3498
3498 3497
3497 3496
3496 3495
3495 3494
3494 3493
3493 3492
3492 3491
3491 3490
3490 3489
3489 3488
3488 3487
3487 3486
3486 3485
3485 3484
3484 3483
3483 3482
3482 3481
3481 3480
3480 3530
3529 3528
3528 3527
3527 3526
3526 3525
3525 3524
3524 3523
3523 3522
3522 3521
3521 3520
3520 3519
3519 3518
3518 3517
3517 3516
3516 3515
3515 3514
3514 3513
3513 3512
3512 3511
3511 3510
3510 3509
3509 3508
3508 3507
3507 3506
3506 3505
3505 3504
3504 3503
3503 3502
3502 3501
3501 3500
3500 3499
3499 3498
3498 3497
3497 3496
3496 3495
3495 3494
3494 3493
3493 3492
3492 3491
3491 3490
3490 3489
3489 3488
3488 3487
3487 3486
3486 3485
3485 3484
3484 3483
3483 3482
3482 3481
3481 3480
3480 3531
3530 3529
3529 3528
3528 3527
3527 3526
3526 3525
3525 3524
3524 3523
3523 3522
3522 3521
3521 3520
3520 3519
3519 3518
3518 3517
3517 3516
3516 3515
3515 3514
3514 3513
3513 3512
3512 3511
3511 3510
3510 3509
3509 3508
3508 3507
3507 3506
3506 3505
3505 3504
3504 3503
3503 3502
3502 3501
3501 3500
3500 3499
3499 3498
3498 3497
3497 3496
3496 3495
3495 3494
3494 3493
3493 3492
3492 3491
3491 3490
3490 3489
3489 3488
3488 3487
3487 3486
3486 3485
3485 3484
3484 3483
3483 3482
3482 3481
3481 3480
3480 3532
3531 3530
3530 3529
3529 3528
3528 3527
3527 3526
3526 3525
3525 3524
3524 3523
3523 3522
3522 3521
3521 3520
3520 3519
3519 3518
3518 3517
3517 3516
3516 3515
3515 3514
3514 3513
3513 3512
3512 3511
3511 3510
3510 3509
3509 3508
3508 3507
3507 3506
3506 3505
3505 3504
3504 3503
3503 3502
3502 3501
3501 3500
3500 3499
3499 3498
3498 3497
3497 3496
3496 3495
3495 3494
3494 3493
3493 3492
3492 3491
3491 3490
3490 3489
3489 3488
3488 3487
3487 3486
3486 3485
3485 3484
3484 3483
3483 3482
3482 3481
3481 3480
3480 3533
3532 3531
3531 3530
3530 3529
3529 3528
3528 3527
3527 3526
3526 3525
3525 3524
3524 3523
3523 3522
3522 3521
3521 3520
3520 3519
3519 3518
3518 3517
3517 3516
3516 3515
3515 3514
3514 3513
3513 3512
3512 3511
3511 3510
3510 3509
3509 3508
3508 3507
3507 3506
3506 3505
3505 3504
3504 3503
3503 3502
3502 3501
3501 3500
3500 3499
3499 3498
3498 3497
3497 3496
3496 3495
3495 3494
3494 3493
3493 3492
3492 3491
3491 3490
3490 3489
3489 3488
3488 3487
3487 3486
3486 3485
3485 3484
3484 3483
3483 3482
3482 3481
3481 3480
3480 3534
3533 3532
3532 3531
3531 3530
3530 3529
3529 3528
3528 3527
3527 3526
3526 3525
3525 3524
3524 3523
3523 3522
3522 3521
3521 3520
3520 3519
3519 3518
3518 3517
3517 3516
3516 3515
3515 3514
3514 3513
3513 3512
3512 3511
3511 3510
3510 3509
3509 3508
3508 3507
3507 3506
3506 3505
3505 3504
3504 3503
3503 3502
3502 3501
3501 3500
3500 3499
3499 3498
3498 3497
3497 3496
3496 3495
3495 3494
3494 3493
3493 3492
3492 3491
3491 3490
3490 3489
3489 3488
3488 3487
3487 3486
3486 3485
3485 3484
3484 3483
3483 3482
3482 3481
3481 3480
3480 3535
3534 3533
3533 3532
3532 3531
3531 3530
3530 3529
3529 3528
3528 3527
3527 3526
3526 3525
3525 3524
3524 3523
3523 3522
3522 3521
3521 3520
3520 3519
3519 3518
3518 3517
3517 3516
3516 3515
3515 3514
3514 3513
3513 3512
3512 3511
3511 3510
3510 3509
3509 3508
3508 3507
3507 3506
3506 3505
3505 3504
3504 3503
3503 3502
3502 3501
3501 3500
3500 3499
3499 3498
3498 3497
3497 3496
3496 3495
3495 3494
3494 3493
3493 3492
3492 3491
3491 3490
3490 3489
3489 3488
3488 3487
3487 3486
3486 3485
3485 3484
3484 3483
3483 3482
3482 3481
3481 3480
3480 3536
3535 3534
3534 3533
3533 3532
3532 3531
3531 3530
3530 3529
3529 3528
3528 3527
3527 3526
3526 3525
3525 3524
3524 3523
3523 3522
3522 3521
3521 3520
3520 3519
3519 3518
3518 3517
3517 3516
3516 3515
3515 3514
3514 3513
3513 3512
3512 3511
3511 3510
3510 3509
3509 3508
3508 3507
3507 3506
3506 3505
3505 3504
3504 3503
3503 3502
3502 3501
3501 3500
3500 3499
3499 3498
3498 3497
3497 3496
3496 3495
3495 3494
3494 3493
3493 3492
3492 3491
3491 3490
3490 3489
3489 3488
3488 3487
3487 3486
3486 3485
3485 3484
3484 3483
3483 3482
3482 3481
3481 3480
3480 3537
3536 3535
3535 3534
3534 3533
3533 3532
3532 3531
3531 3530
3530 3529
3529 3528
3528 3527
3527 3526
3526 3525
3525 3524
3524 3523
3523 3522
3522 3521
3521 3520
3520 3519
3519 3518
3518 3517
3517 3516
3516 3515
3515 3514
3514 3513
3513 3512
3512 3511
3511 3510
3510 3509
3509 3508
3508 3507
3507 3506
3506 3505
3505 3504
3504 3503
3503 3502
3502 3501
3501 3500
3500 3499
3499 3498
3498 3497
3497 3496
3496 3495
3495 3494
3494 3493
3493 3492
3492 3491
3491 3490
3490 3489
3489 3488
3488 3487
3487 3486
3486 3485
3485 3484
3484 3483
3483 3482
3482 3481
3481 3480
3480 3538
3537 3536
3536 3535
3535 3534
3534 3533
3533 3532
3532 3531
3531 3530
3530 3529
3529 3528
3528 3527
3527 3526
3526 3525
3525 3524
3524 3523
3523 3522
3522 3521
3521 3520
3520 3519
3519 3518
3518 3517
3517 3516
3516 3515
3515 3514
3514 3513
3513 3512
3512 3511
3511 3510
3510 3509
3509 3508
3508 3507
3507 3506
3506 3505
3505 3504
3504 3503
3503 3502
3502 3501
3501 3500
3500 3499
3499 3498
3498 3497
3497 3496
3496 3495
3495 3494
3494 3493
3493 3492
3492 3491
3491 3490
3490 3489
3489 3488
3488 3487
3487 3486
3486 3485
3485 3484
3484 3483
3483 3482
3482 3481
3481 3480
3480 3539
3538 3537
3537 3536
3536 3535
3535 3534
3534 3533
3533 3532
3532 3531
3531 3530
3530 3529
3529 3528
3528 3527
3527 3526
3526 3525
3525 3524
3524 3523
3523 3522
3522 3521
3521 3520
3520 3519
3519 3518
3518 3517
3517 3516
3516 3515
3515 3514
3514 3513
3513 3512
3512 3511
3511 3510
3510 3509
3509 3508
3508 3507
3507 3506
3506 3505
3505 3504
3504 3503
3503 3502
3502 3501
3501 3500
3500 3499
3499 3498
3498 3497
3497 3496
3496 3495
3495 3494
3494 3493
3493 3492
3492 3491
3491 3490
3490 3489
3489 3488
3488 3487
3487 3486
3486 3485
3485 3484
3484 3483
3483 3482
3482 3481
3481 3480
3480 3540
3539 3538
3538 3537
3537 3536
3536 3535
3535 3534
3534 3533
3533 3532
3532 3531
3531 3530
3530 3529
3529 3528
3528 3527
3527 3526
3526 3525
3525 3524
3524 3523
3523 3522
3522 3521
3521 3520
3520 3519
3519 3518
3518 3517
3517 3516
3516 3515
3515 3514
3514 3513
3513 3512
3512 3511
3511 3510
3510 3509
3509 3508
3508 3507
3507 3506
3506 3505
3505 3504
3504 3503
3503 3502
3502 3501
3501 3500
3500 3499
3499 3498
3498 3497
3497 3496
3496 3495
3495 3494
3494 3493
3493 3492
3492 3491
3491 3490
3490 3489
3489 3488
3488 3487
3487 3486
3486 3485
3485 3484
3484 3483
3483 3482
3482 3481
3481 3480
3480 3541
3540 3539
3539 3538
3538 3537
3537 3536
3536 3535
3535 3534
3534 3533
3533 3532
3532 3531
3531 3530
3530 3529
3529 3528
3528 3527
3527 3526
3526 3525
3525 3524
3524 3523
3523 3522
3522 3521
3521 3520
3520 3519
3519 3518
3518 3517
3517 3516
3516 3515
3515 3514
3514 3513
3513 3512
3512 3511
3511 3510
3510 3509
3509 3508
3508 3507
3507 3506
3506 3505
3505 3504
3504 3503
3503 3502
3502 3501
3501 3500
3500 3499
3499 3498
3498 3497
3497 3496
3496 3495
3495 3494
3494 3493
3493 3492
3492 3491
3491 3490
3490 3489
3489 3488
3488 3487
3487 3486
3486 3485
3485 3484
3484 3483
3483 3482
3482 3481
3481 3480
3480 3542
3541 3540
3540 3539
3539 3538
3538 3537
3537 3536
3536 3535
3535 3534
3534 3533
3533 3532
3532 3531
3531 3530
3530 3529
3529 3528
3528 3527
3527 3526
3526 3525
3525 3524
3524 3523
3523 3522
3522 3521
3521 3520
3520 3519
3519 3518
3518 3517
3517 3516
3516 3515
3515 3514
3514 3513
3513 3512
3512 3511
3511 3510
3510 3509
3509 3508
3508 3507
3507 3506
3506 3505
3505 3504
3504 3503
3503 3502
3502 3501
3501 3500
3500 3499
3499 3498
3498 3497
3497 3496
3496 3495
3495 3494
3494 3493
3493 3492
3492 3491
3491 3490
3490 3489
3489 3488
3488 3487
3487 3486
3486 3485
3485 3484
3484 3483
3483 3482
3482 3481
3481 3480
3480 3543
3542 3541
3541 3540
3540 3539
3539 3538
3538 3537
3537 3536
3536 3535
3535 3534
3534 3533
3533 3532
3532 3531
3531 3530
3530 3529
3529 3528
3528 3527
3527 3526
3526 3525
3525 3524
3524 3523
3523 3522
3522 3521
3521 3520
3520 3519
3519 3518
3518 3517
3517 3516
3516 3515
3515 3514
3514 3513
3513 3512
3512 3511
3511 3510
3510 3509
3509 3508
3508 3507
3507 3506
3506 3505
3505 3504
3504 3503
3503 3502
3502 3501
3501 3500
3500 3499
3499 3498
3498 3497
3497 3496
3496 3495
3495 3494
3494 3493
3493 3492
3492 3491
3491 3490
3490 3489
3489 3488
3488 3487
3487 3486
3486 3485
3485 3484
3484 3483
3483 3482
3482 3481
3481 3480
3480 3544
3543 3542
3542 3541
3541 3540
3540 3539
3539 3538
3538 3537
3537 3536
3536 3535
3535 3534
3534 3533
3533 3532
3532 3531
3531 3530
3530 3529
3529 3528
3528 3527
3527 3526
3526 3525
3525 3524
3524 3523
3523 3522
3522 3521
3521 3520
3520 3519
3519 3518
3518 3517
3517 3516
3516 3515
3515 3514
3514 3513
3513 3512
3512 3511
3511 3510
3510 3509
3509 3508
3508 3507
3507 3506
3506 3505
3505 3504
3504 3503
3503 3502
3502 3501
3501 3500
3500 3499
3499 3498
3498 3497
3497 3496
3496 3495
3495 3494
3494 3493
3493 3492
3492 3491
3491 3490
3490 3489
3489 3488
3488 3487
3487 3486
3486 3485
3485 3484
3484 3483
3483 3482
3482 3481
3481 3480
3480 3545
3544 3543
3543 3542
3542 3541
3541 3540
3540 3539
3539 3538
3538 3537
3537 3536
3536 3535
3535 3534
3534 3533
3533 3532
3532 3531
3531 3530
3530 3529
3529 3528
3528 3527
3527 3526
3526 3525
3525 3524
3524 3523
3523 3522
3522 3521
3521 3520
3520 3519
3519 3518
3518 3517
3517 3516
3516 3515
3515 3514
3514 3513
3513 3512
3512 3511
3511 3510
3510 3509
3509 3508
3508 3507
3507 3506
3506 3505
3505 3504
3504 3503
3503 3502
3502 3501
3501 3500
3500 3499
3499 3498
3498 3497
3497 3496
3496 3495
3495 3494
3494 3493
3493 3492
3492 3491
3491 3490
3490 3489
3489 3488
3488 3487
3487 3486
3486 3485
3485 3484
3484 3483
3483 3482
3482 3481
3481 3480
