4952
3554 13118
1531 13118
6560 6561
6560 6562
6561 6560
6560 6563
6562 6561
6561 6560
6560 6564
6563 6562
6562 6561
6561 6560
6560 6565
6564 6563
6563 6562
6562 6561
6561 6560
6560 6566
6565 6564
6564 6563
6563 6562
6562 6561
6561 6560
6560 6567
6566 6565
6565 6564
6564 6563
6563 6562
6562 6561
6561 6560
6560 6568
6567 6566
6566 6565
6565 6564
6564 6563
6563 6562
6562 6561
6561 6560
6560 6569
6568 6567
6567 6566
6566 6565
6565 6564
6564 6563
6563 6562
6562 6561
6561 6560
6560 6570
6569 6568
6568 6567
6567 6566
6566 6565
6565 6564
6564 6563
6563 6562
6562 6561
6561 6560
6560 6571
6570 6569
6569 6568
6568 6567
6567 6566
6566 6565
6565 6564
6564 6563
6563 6562
6562 6561
6561 6560
6560 6572
6571 6570
6570 6569
6569 6568
6568 6567
6567 6566
6566 6565
6565 6564
6564 6563
6563 6562
6562 6561
6561 6560
6560 6573
6572 6571
6571 6570
6570 6569
6569 6568
6568 6567
6567 6566
6566 6565
6565 6564
6564 6563
6563 6562
6562 6561
6561 6560
6560 6574
6573 6572
6572 6571
6571 6570
6570 6569
6569 6568
6568 6567
6567 6566
6566 6565
6565 6564
6564 6563
6563 6562
6562 6561
6561 6560
6560 6575
6574 6573
6573 6572
6572 6571
6571 6570
6570 6569
6569 6568
6568 6567
6567 6566
6566 6565
6565 6564
6564 6563
6563 6562
6562 6561
6561 6560
6560 6576
6575 6574
6574 6573
6573 6572
6572 6571
6571 6570
6570 6569
6569 6568
6568 6567
6567 6566
6566 6565
6565 6564
6564 6563
6563 6562
6562 6561
6561 6560
6560 6577
6576 6575
6575 6574
6574 6573
6573 6572
6572 6571
6571 6570
6570 6569
6569 6568
6568 6567
6567 6566
6566 6565
6565 6564
6564 6563
6563 6562
6562 6561
6561 6560
6560 6578
6577 6576
6576 6575
6575 6574
6574 6573
6573 6572
6572 6571
6571 6570
6570 6569
6569 6568
6568 6567
6567 6566
6566 6565
6565 6564
6564 6563
6563 6562
6562 6561
6561 6560
6560 6579
6578 6577
6577 6576
6576 6575
6575 6574
6574 6573
6573 6572
6572 6571
6571 6570
6570 6569
6569 6568
6568 6567
6567 6566
6566 6565
6565 6564
6564 6563
6563 6562
6562 6561
6561 6560
6560 6580
6579 6578
6578 6577
6577 6576
6576 6575
6575 6574
6574 6573
6573 6572
6572 6571
6571 6570
6570 6569
6569 6568
6568 6567
6567 6566
6566 6565
6565 6564
6564 6563
6563 6562
6562 6561
6561 6560
6560 6581
6580 6579
6579 6578
6578 6577
6577 6576
6576 6575
6575 6574
6574 6573
6573 6572
6572 6571
6571 6570
6570 6569
6569 6568
6568 6567
6567 6566
6566 6565
6565 6564
6564 6563
6563 6562
6562 6561
6561 6560
6560 6582
6581 6580
6580 6579
6579 6578
6578 6577
6577 6576
6576 6575
6575 6574
6574 6573
6573 6572
6572 6571
6571 6570
6570 6569
6569 6568
6568 6567
6567 6566
6566 6565
6565 6564
6564 6563
6563 6562
6562 6561
6561 6560
6560 6583
6582 6581
6581 6580
6580 6579
6579 6578
6578 6577
6577 6576
6576 6575
6575 6574
6574 6573
6573 6572
6572 6571
6571 6570
6570 6569
6569 6568
6568 6567
6567 6566
6566 6565
6565 6564
6564 6563
6563 6562
6562 6561
6561 6560
6560 6584
6583 6582
6582 6581
6581 6580
6580 6579
6579 6578
6578 6577
6577 6576
6576 6575
6575 6574
6574 6573
6573 6572
6572 6571
6571 6570
6570 6569
6569 6568
6568 6567
6567 6566
6566 6565
6565 6564
6564 6563
6563 6562
6562 6561
6561 6560
6560 6585
6584 6583
6583 6582
6582 6581
6581 6580
6580 6579
6579 6578
6578 6577
6577 6576
6576 6575
6575 6574
6574 6573
6573 6572
6572 6571
6571 6570
6570 6569
6569 6568
6568 6567
6567 6566
6566 6565
6565 6564
6564 6563
6563 6562
6562 6561
6561 6560
6560 6586
6585 6584
6584 6583
6583 6582
6582 6581
6581 6580
6580 6579
6579 6578
6578 6577
6577 6576
6576 6575
6575 6574
6574 6573
6573 6572
6572 6571
6571 6570
6570 6569
6569 6568
6568 6567
6567 6566
6566 6565
6565 6564
6564 6563
6563 6562
6562 6561
6561 6560
6560 6587
6586 6585
6585 6584
6584 6583
6583 6582
6582 6581
6581 6580
6580 6579
6579 6578
6578 6577
6577 6576
6576 6575
6575 6574
6574 6573
6573 6572
6572 6571
6571 6570
6570 6569
6569 6568
6568 6567
6567 6566
6566 6565
6565 6564
6564 6563
6563 6562
6562 6561
6561 6560
6560 6588
6587 6586
6586 6585
6585 6584
6584 6583
6583 6582
6582 6581
6581 6580
6580 6579
6579 6578
6578 6577
6577 6576
6576 6575
6575 6574
6574 6573
6573 6572
6572 6571
6571 6570
6570 6569
6569 6568
6568 6567
6567 6566
6566 6565
6565 6564
6564 6563
6563 6562
6562 6561
6561 6560
6560 6589
6588 6587
6587 6586
6586 6585
6585 6584
6584 6583
6583 6582
6582 6581
6581 6580
6580 6579
6579 6578
6578 6577
6577 6576
6576 6575
6575 6574
6574 6573
6573 6572
6572 6571
6571 6570
6570 6569
6569 6568
6568 6567
6567 6566
6566 6565
6565 6564
6564 6563
6563 6562
6562 6561
6561 6560
6560 6590
6589 6588
6588 6587
6587 6586
6586 6585
6585 6584
6584 6583
6583 6582
6582 6581
6581 6580
6580 6579
6579 6578
6578 6577
6577 6576
6576 6575
6575 6574
6574 6573
6573 6572
6572 6571
6571 6570
6570 6569
6569 6568
6568 6567
6567 6566
6566 6565
6565 6564
6564 6563
6563 6562
6562 6561
6561 6560
6560 6591
6590 6589
6589 6588
6588 6587
6587 6586
6586 6585
6585 6584
6584 6583
6583 6582
6582 6581
6581 6580
6580 6579
6579 6578
6578 6577
6577 6576
6576 6575
6575 6574
6574 6573
6573 6572
6572 6571
6571 6570
6570 6569
6569 6568
6568 6567
6567 6566
6566 6565
6565 6564
6564 6563
6563 6562
6562 6561
6561 6560
6560 6592
6591 6590
6590 6589
6589 6588
6588 6587
6587 6586
6586 6585
6585 6584
6584 6583
6583 6582
6582 6581
6581 6580
6580 6579
6579 6578
6578 6577
6577 6576
6576 6575
6575 6574
6574 6573
6573 6572
6572 6571
6571 6570
6570 6569
6569 6568
6568 6567
6567 6566
6566 6565
6565 6564
6564 6563
6563 6562
6562 6561
6561 6560
6560 6593
6592 6591
6591 6590
6590 6589
6589 6588
6588 6587
6587 6586
6586 6585
6585 6584
6584 6583
6583 6582
6582 6581
6581 6580
6580 6579
6579 6578
6578 6577
6577 6576
6576 6575
6575 6574
6574 6573
6573 6572
6572 6571
6571 6570
6570 6569
6569 6568
6568 6567
6567 6566
6566 6565
6565 6564
6564 6563
6563 6562
6562 6561
6561 6560
6560 6594
6593 6592
6592 6591
6591 6590
6590 6589
6589 6588
6588 6587
6587 6586
6586 6585
6585 6584
6584 6583
6583 6582
6582 6581
6581 6580
6580 6579
6579 6578
6578 6577
6577 6576
6576 6575
6575 6574
6574 6573
6573 6572
6572 6571
6571 6570
6570 6569
6569 6568
6568 6567
6567 6566
6566 6565
6565 6564
6564 6563
6563 6562
6562 6561
6561 6560
6560 6595
6594 6593
6593 6592
6592 6591
6591 6590
6590 6589
6589 6588
6588 6587
6587 6586
6586 6585
6585 6584
6584 6583
6583 6582
6582 6581
6581 6580
6580 6579
6579 6578
6578 6577
6577 6576
6576 6575
6575 6574
6574 6573
6573 6572
6572 6571
6571 6570
6570 6569
6569 6568
6568 6567
6567 6566
6566 6565
6565 6564
6564 6563
6563 6562
6562 6561
6561 6560
6560 6596
6595 6594
6594 6593
6593 6592
6592 6591
6591 6590
6590 6589
6589 6588
6588 6587
6587 6586
6586 6585
6585 6584
6584 6583
6583 6582
6582 6581
6581 6580
6580 6579
6579 6578
6578 6577
6577 6576
6576 6575
6575 6574
6574 6573
6573 6572
6572 6571
6571 6570
6570 6569
6569 6568
6568 6567
6567 6566
6566 6565
6565 6564
6564 6563
6563 6562
6562 6561
6561 6560
6560 6597
6596 6595
6595 6594
6594 6593
6593 6592
6592 6591
6591 6590
6590 6589
6589 6588
6588 6587
6587 6586
6586 6585
6585 6584
6584 6583
6583 6582
6582 6581
6581 6580
6580 6579
6579 6578
6578 6577
6577 6576
6576 6575
6575 6574
6574 6573
6573 6572
6572 6571
6571 6570
6570 6569
6569 6568
6568 6567
6567 6566
6566 6565
6565 6564
6564 6563
6563 6562
6562 6561
6561 6560
6560 6598
6597 6596
6596 6595
6595 6594
6594 6593
6593 6592
6592 6591
6591 6590
6590 6589
6589 6588
6588 6587
6587 6586
6586 6585
6585 6584
6584 6583
6583 6582
6582 6581
6581 6580
6580 6579
6579 6578
6578 6577
6577 6576
6576 6575
6575 6574
6574 6573
6573 6572
6572 6571
6571 6570
6570 6569
6569 6568
6568 6567
6567 6566
6566 6565
6565 6564
6564 6563
6563 6562
6562 6561
6561 6560
6560 6599
6598 6597
6597 6596
6596 6595
6595 6594
6594 6593
6593 6592
6592 6591
6591 6590
6590 6589
6589 6588
6588 6587
6587 6586
6586 6585
6585 6584
6584 6583
6583 6582
6582 6581
6581 6580
6580 6579
6579 6578
6578 6577
6577 6576
6576 6575
6575 6574
6574 6573
6573 6572
6572 6571
6571 6570
6570 6569
6569 6568
6568 6567
6567 6566
6566 6565
6565 6564
6564 6563
6563 6562
6562 6561
6561 6560
6560 6600
6599 6598
6598 6597
6597 6596
6596 6595
6595 6594
6594 6593
6593 6592
6592 6591
6591 6590
6590 6589
6589 6588
6588 6587
6587 6586
6586 6585
6585 6584
6584 6583
6583 6582
6582 6581
6581 6580
6580 6579
6579 6578
6578 6577
6577 6576
6576 6575
6575 6574
6574 6573
6573 6572
6572 6571
6571 6570
6570 6569
6569 6568
6568 6567
6567 6566
6566 6565
6565 6564
6564 6563
6563 6562
6562 6561
6561 6560
6560 6601
6600 6599
6599 6598
6598 6597
6597 6596
6596 6595
6595 6594
6594 6593
6593 6592
6592 6591
6591 6590
6590 6589
6589 6588
6588 6587
6587 6586
6586 6585
6585 6584
6584 6583
6583 6582
6582 6581
6581 6580
6580 6579
6579 6578
6578 6577
6577 6576
6576 6575
6575 6574
6574 6573
6573 6572
6572 6571
6571 6570
6570 6569
6569 6568
6568 6567
6567 6566
6566 6565
6565 6564
6564 6563
6563 6562
6562 6561
6561 6560
6560 6602
6601 6600
6600 6599
6599 6598
6598 6597
6597 6596
6596 6595
6595 6594
6594 6593
6593 6592
6592 6591
6591 6590
6590 6589
6589 6588
6588 6587
6587 6586
6586 6585
6585 6584
6584 6583
6583 6582
6582 6581
6581 6580
6580 6579
6579 6578
6578 6577
6577 6576
6576 6575
6575 6574
6574 6573
6573 6572
6572 6571
6571 6570
6570 6569
6569 6568
6568 6567
6567 6566
6566 6565
6565 6564
6564 6563
6563 6562
6562 6561
6561 6560
6560 6603
6602 6601
6601 6600
6600 6599
6599 6598
6598 6597
6597 6596
6596 6595
6595 6594
6594 6593
6593 6592
6592 6591
6591 6590
6590 6589
6589 6588
6588 6587
6587 6586
6586 6585
6585 6584
6584 6583
6583 6582
6582 6581
6581 6580
6580 6579
6579 6578
6578 6577
6577 6576
6576 6575
6575 6574
6574 6573
6573 6572
6572 6571
6571 6570
6570 6569
6569 6568
6568 6567
6567 6566
6566 6565
6565 6564
6564 6563
6563 6562
6562 6561
6561 6560
6560 6604
6603 6602
6602 6601
6601 6600
6600 6599
6599 6598
6598 6597
6597 6596
6596 6595
6595 6594
6594 6593
6593 6592
6592 6591
6591 6590
6590 6589
6589 6588
6588 6587
6587 6586
6586 6585
6585 6584
6584 6583
6583 6582
6582 6581
6581 6580
6580 6579
6579 6578
6578 6577
6577 6576
6576 6575
6575 6574
6574 6573
6573 6572
6572 6571
6571 6570
6570 6569
6569 6568
6568 6567
6567 6566
6566 6565
6565 6564
6564 6563
6563 6562
6562 6561
6561 6560
6560 6605
6604 6603
6603 6602
6602 6601
6601 6600
6600 6599
6599 6598
6598 6597
6597 6596
6596 6595
6595 6594
6594 6593
6593 6592
6592 6591
6591 6590
6590 6589
6589 6588
6588 6587
6587 6586
6586 6585
6585 6584
6584 6583
6583 6582
6582 6581
6581 6580
6580 6579
6579 6578
6578 6577
6577 6576
6576 6575
6575 6574
6574 6573
6573 6572
6572 6571
6571 6570
6570 6569
6569 6568
6568 6567
6567 6566
6566 6565
6565 6564
6564 6563
6563 6562
6562 6561
6561 6560
6560 6606
6605 6604
6604 6603
6603 6602
6602 6601
6601 6600
6600 6599
6599 6598
6598 6597
6597 6596
6596 6595
6595 6594
6594 6593
6593 6592
6592 6591
6591 6590
6590 6589
6589 6588
6588 6587
6587 6586
6586 6585
6585 6584
6584 6583
6583 6582
6582 6581
6581 6580
6580 6579
6579 6578
6578 6577
6577 6576
6576 6575
6575 6574
6574 6573
6573 6572
6572 6571
6571 6570
6570 6569
6569 6568
6568 6567
6567 6566
6566 6565
6565 6564
6564 6563
6563 6562
6562 6561
6561 6560
6560 6607
6606 6605
6605 6604
6604 6603
6603 6602
6602 6601
6601 6600
6600 6599
6599 6598
6598 6597
6597 6596
6596 6595
6595 6594
6594 6593
6593 6592
6592 6591
6591 6590
6590 6589
6589 6588
6588 6587
6587 6586
6586 6585
6585 6584
6584 6583
6583 6582
6582 6581
6581 6580
6580 6579
6579 6578
6578 6577
6577 6576
6576 6575
6575 6574
6574 6573
6573 6572
6572 6571
6571 6570
6570 6569
6569 6568
6568 6567
6567 6566
6566 6565
6565 6564
6564 6563
6563 6562
6562 6561
6561 6560
6560 6608
6607 6606
6606 6605
6605 6604
6604 6603
6603 6602
6602 6601
6601 6600
6600 6599
6599 6598
6598 6597
6597 6596
6596 6595
6595 6594
6594 6593
6593 6592
6592 6591
6591 6590
6590 6589
6589 6588
6588 6587
6587 6586
6586 6585
6585 6584
6584 6583
6583 6582
6582 6581
6581 6580
6580 6579
6579 6578
6578 6577
6577 6576
6576 6575
6575 6574
6574 6573
6573 6572
6572 6571
6571 6570
6570 6569
6569 6568
6568 6567
6567 6566
6566 6565
6565 6564
6564 6563
6563 6562
6562 6561
6561 6560
6560 6609
6608 6607
6607 6606
6606 6605
6605 6604
6604 6603
6603 6602
6602 6601
6601 6600
6600 6599
6599 6598
6598 6597
6597 6596
6596 6595
6595 6594
6594 6593
6593 6592
6592 6591
6591 6590
6590 6589
6589 6588
6588 6587
6587 6586
6586 6585
6585 6584
6584 6583
6583 6582
6582 6581
6581 6580
6580 6579
6579 6578
6578 6577
6577 6576
6576 6575
6575 6574
6574 6573
6573 6572
6572 6571
6571 6570
6570 6569
6569 6568
6568 6567
6567 6566
6566 6565
6565 6564
6564 6563
6563 6562
6562 6561
6561 6560
6560 6610
6609 6608
6608 6607
6607 6606
6606 6605
6605 6604
6604 6603
6603 6602
6602 6601
6601 6600
6600 6599
6599 6598
6598 6597
6597 6596
6596 6595
6595 6594
6594 6593
6593 6592
6592 6591
6591 6590
6590 6589
6589 6588
6588 6587
6587 6586
6586 6585
6585 6584
6584 6583
6583 6582
6582 6581
6581 6580
6580 6579
6579 6578
6578 6577
6577 6576
6576 6575
6575 6574
6574 6573
6573 6572
6572 6571
6571 6570
6570 6569
6569 6568
6568 6567
6567 6566
6566 6565
6565 6564
6564 6563
6563 6562
6562 6561
6561 6560
6560 6611
6610 6609
6609 6608
6608 6607
6607 6606
6606 6605
6605 6604
6604 6603
6603 6602
6602 6601
6601 6600
6600 6599
6599 6598
6598 6597
6597 6596
6596 6595
6595 6594
6594 6593
6593 6592
6592 6591
6591 6590
6590 6589
6589 6588
6588 6587
6587 6586
6586 6585
6585 6584
6584 6583
6583 6582
6582 6581
6581 6580
6580 6579
6579 6578
6578 6577
6577 6576
6576 6575
6575 6574
6574 6573
6573 6572
6572 6571
6571 6570
6570 6569
6569 6568
6568 6567
6567 6566
6566 6565
6565 6564
6564 6563
6563 6562
6562 6561
6561 6560
6560 6612
6611 6610
6610 6609
6609 6608
6608 6607
6607 6606
6606 6605
6605 6604
6604 6603
6603 6602
6602 6601
6601 6600
6600 6599
6599 6598
6598 6597
6597 6596
6596 6595
6595 6594
6594 6593
6593 6592
6592 6591
6591 6590
6590 6589
6589 6588
6588 6587
6587 6586
6586 6585
6585 6584
6584 6583
6583 6582
6582 6581
6581 6580
6580 6579
6579 6578
6578 6577
6577 6576
6576 6575
6575 6574
6574 6573
6573 6572
6572 6571
6571 6570
6570 6569
6569 6568
6568 6567
6567 6566
6566 6565
6565 6564
6564 6563
6563 6562
6562 6561
6561 6560
6560 6613
6612 6611
6611 6610
6610 6609
6609 6608
6608 6607
6607 6606
6606 6605
6605 6604
6604 6603
6603 6602
6602 6601
6601 6600
6600 6599
6599 6598
6598 6597
6597 6596
6596 6595
6595 6594
6594 6593
6593 6592
6592 6591
6591 6590
6590 6589
6589 6588
6588 6587
6587 6586
6586 6585
6585 6584
6584 6583
6583 6582
6582 6581
6581 6580
6580 6579
6579 6578
6578 6577
6577 6576
6576 6575
6575 6574
6574 6573
6573 6572
6572 6571
6571 6570
6570 6569
6569 6568
6568 6567
6567 6566
6566 6565
6565 6564
6564 6563
6563 6562
6562 6561
6561 6560
6560 6614
6613 6612
6612 6611
6611 6610
6610 6609
6609 6608
6608 6607
6607 6606
6606 6605
6605 6604
6604 6603
6603 6602
6602 6601
6601 6600
6600 6599
6599 6598
6598 6597
6597 6596
6596 6595
6595 6594
6594 6593
6593 6592
6592 6591
6591 6590
6590 6589
6589 6588
6588 6587
6587 6586
6586 6585
6585 6584
6584 6583
6583 6582
6582 6581
6581 6580
6580 6579
6579 6578
6578 6577
6577 6576
6576 6575
6575 6574
6574 6573
6573 6572
6572 6571
6571 6570
6570 6569
6569 6568
6568 6567
6567 6566
6566 6565
6565 6564
6564 6563
6563 6562
6562 6561
6561 6560
6560 6615
6614 6613
6613 6612
6612 6611
6611 6610
6610 6609
6609 6608
6608 6607
6607 6606
6606 6605
6605 6604
6604 6603
6603 6602
6602 6601
6601 6600
6600 6599
6599 6598
6598 6597
6597 6596
6596 6595
6595 6594
6594 6593
6593 6592
6592 6591
6591 6590
6590 6589
6589 6588
6588 6587
6587 6586
6586 6585
6585 6584
6584 6583
6583 6582
6582 6581
6581 6580
6580 6579
6579 6578
6578 6577
6577 6576
6576 6575
6575 6574
6574 6573
6573 6572
6572 6571
6571 6570
6570 6569
6569 6568
6568 6567
6567 6566
6566 6565
6565 6564
6564 6563
6563 6562
6562 6561
6561 6560
6560 6616
6615 6614
6614 6613
6613 6612
6612 6611
6611 6610
6610 6609
6609 6608
6608 6607
6607 6606
6606 6605
6605 6604
6604 6603
6603 6602
6602 6601
6601 6600
6600 6599
6599 6598
6598 6597
6597 6596
6596 6595
6595 6594
6594 6593
6593 6592
6592 6591
6591 6590
6590 6589
6589 6588
6588 6587
6587 6586
6586 6585
6585 6584
6584 6583
6583 6582
6582 6581
6581 6580
6580 6579
6579 6578
6578 6577
6577 6576
6576 6575
6575 6574
6574 6573
6573 6572
6572 6571
6571 6570
6570 6569
6569 6568
6568 6567
6567 6566
6566 6565
6565 6564
6564 6563
6563 6562
6562 6561
6561 6560
6560 6617
6616 6615
6615 6614
6614 6613
6613 6612
6612 6611
6611 6610
6610 6609
6609 6608
6608 6607
6607 6606
6606 6605
6605 6604
6604 6603
6603 6602
6602 6601
6601 6600
6600 6599
6599 6598
6598 6597
6597 6596
6596 6595
6595 6594
6594 6593
6593 6592
6592 6591
6591 6590
6590 6589
6589 6588
6588 6587
6587 6586
6586 6585
6585 6584
6584 6583
6583 6582
6582 6581
6581 6580
6580 6579
6579 6578
6578 6577
6577 6576
6576 6575
6575 6574
6574 6573
6573 6572
6572 6571
6571 6570
6570 6569
6569 6568
6568 6567
6567 6566
6566 6565
6565 6564
6564 6563
6563 6562
6562 6561
6561 6560
6560 6618
6617 6616
6616 6615
6615 6614
6614 6613
6613 6612
6612 6611
6611 6610
6610 6609
6609 6608
6608 6607
6607 6606
6606 6605
6605 6604
6604 6603
6603 6602
6602 6601
6601 6600
6600 6599
6599 6598
6598 6597
6597 6596
6596 6595
6595 6594
6594 6593
6593 6592
6592 6591
6591 6590
6590 6589
6589 6588
6588 6587
6587 6586
6586 6585
6585 6584
6584 6583
6583 6582
6582 6581
6581 6580
6580 6579
6579 6578
6578 6577
6577 6576
6576 6575
6575 6574
6574 6573
6573 6572
6572 6571
6571 6570
6570 6569
6569 6568
6568 6567
6567 6566
6566 6565
6565 6564
6564 6563
6563 6562
6562 6561
6561 6560
6560 6619
6618 6617
6617 6616
6616 6615
6615 6614
6614 6613
6613 6612
6612 6611
6611 6610
6610 6609
6609 6608
6608 6607
6607 6606
6606 6605
6605 6604
6604 6603
6603 6602
6602 6601
6601 6600
6600 6599
6599 6598
6598 6597
6597 6596
6596 6595
6595 6594
6594 6593
6593 6592
6592 6591
6591 6590
6590 6589
6589 6588
6588 6587
6587 6586
6586 6585
6585 6584
6584 6583
6583 6582
6582 6581
6581 6580
6580 6579
6579 6578
6578 6577
6577 6576
6576 6575
6575 6574
6574 6573
6573 6572
6572 6571
6571 6570
6570 6569
6569 6568
6568 6567
6567 6566
6566 6565
6565 6564
6564 6563
6563 6562
6562 6561
6561 6560
6560 6620
6619 6618
6618 6617
6617 6616
6616 6615
6615 6614
6614 6613
6613 6612
6612 6611
6611 6610
6610 6609
6609 6608
6608 6607
6607 6606
6606 6605
6605 6604
6604 6603
6603 6602
6602 6601
6601 6600
6600 6599
6599 6598
6598 6597
6597 6596
6596 6595
6595 6594
6594 6593
6593 6592
6592 6591
6591 6590
6590 6589
6589 6588
6588 6587
6587 6586
6586 6585
6585 6584
6584 6583
6583 6582
6582 6581
6581 6580
6580 6579
6579 6578
6578 6577
6577 6576
6576 6575
6575 6574
6574 6573
6573 6572
6572 6571
6571 6570
6570 6569
6569 6568
6568 6567
6567 6566
6566 6565
6565 6564
6564 6563
6563 6562
6562 6561
6561 6560
6560 6621
6620 6619
6619 6618
6618 6617
6617 6616
6616 6615
6615 6614
6614 6613
6613 6612
6612 6611
6611 6610
6610 6609
6609 6608
6608 6607
6607 6606
6606 6605
6605 6604
6604 6603
6603 6602
6602 6601
6601 6600
6600 6599
6599 6598
6598 6597
6597 6596
6596 6595
6595 6594
6594 6593
6593 6592
6592 6591
6591 6590
6590 6589
6589 6588
6588 6587
6587 6586
6586 6585
6585 6584
6584 6583
6583 6582
6582 6581
6581 6580
6580 6579
6579 6578
6578 6577
6577 6576
6576 6575
6575 6574
6574 6573
6573 6572
6572 6571
6571 6570
6570 6569
6569 6568
6568 6567
6567 6566
6566 6565
6565 6564
6564 6563
6563 6562
6562 6561
6561 6560
6560 6622
6621 6620
6620 6619
6619 6618
6618 6617
6617 6616
6616 6615
6615 6614
6614 6613
6613 6612
6612 6611
6611 6610
6610 6609
6609 6608
6608 6607
6607 6606
6606 6605
6605 6604
6604 6603
6603 6602
6602 6601
6601 6600
6600 6599
6599 6598
6598 6597
6597 6596
6596 6595
6595 6594
6594 6593
6593 6592
6592 6591
6591 6590
6590 6589
6589 6588
6588 6587
6587 6586
6586 6585
6585 6584
6584 6583
6583 6582
6582 6581
6581 6580
6580 6579
6579 6578
6578 6577
6577 6576
6576 6575
6575 6574
6574 6573
6573 6572
6572 6571
6571 6570
6570 6569
6569 6568
6568 6567
6567 6566
6566 6565
6565 6564
6564 6563
6563 6562
6562 6561
6561 6560
6560 6623
6622 6621
6621 6620
6620 6619
6619 6618
6618 6617
6617 6616
6616 6615
6615 6614
6614 6613
6613 6612
6612 6611
6611 6610
6610 6609
6609 6608
6608 6607
6607 6606
6606 6605
6605 6604
6604 6603
6603 6602
6602 6601
6601 6600
6600 6599
6599 6598
6598 6597
6597 6596
6596 6595
6595 6594
6594 6593
6593 6592
6592 6591
6591 6590
6590 6589
6589 6588
6588 6587
6587 6586
6586 6585
6585 6584
6584 6583
6583 6582
6582 6581
6581 6580
6580 6579
6579 6578
6578 6577
6577 6576
6576 6575
6575 6574
6574 6573
6573 6572
6572 6571
6571 6570
6570 6569
6569 6568
6568 6567
6567 6566
6566 6565
6565 6564
6564 6563
6563 6562
6562 6561
6561 6560
6560 6624
6623 6622
6622 6621
6621 6620
6620 6619
6619 6618
6618 6617
6617 6616
6616 6615
6615 6614
6614 6613
6613 6612
6612 6611
6611 6610
6610 6609
6609 6608
6608 6607
6607 6606
6606 6605
6605 6604
6604 6603
6603 6602
6602 6601
6601 6600
6600 6599
6599 6598
6598 6597
6597 6596
6596 6595
6595 6594
6594 6593
6593 6592
6592 6591
6591 6590
6590 6589
6589 6588
6588 6587
6587 6586
6586 6585
6585 6584
6584 6583
6583 6582
6582 6581
6581 6580
6580 6579
6579 6578
6578 6577
6577 6576
6576 6575
6575 6574
6574 6573
6573 6572
6572 6571
6571 6570
6570 6569
6569 6568
6568 6567
6567 6566
6566 6565
6565 6564
6564 6563
6563 6562
6562 6561
6561 6560
6560 6625
6624 6623
6623 6622
6622 6621
6621 6620
6620 6619
6619 6618
6618 6617
6617 6616
6616 6615
6615 6614
6614 6613
6613 6612
6612 6611
6611 6610
6610 6609
6609 6608
6608 6607
6607 6606
6606 6605
6605 6604
6604 6603
6603 6602
6602 6601
6601 6600
6600 6599
6599 6598
6598 6597
6597 6596
6596 6595
6595 6594
6594 6593
6593 6592
6592 6591
6591 6590
6590 6589
6589 6588
6588 6587
6587 6586
6586 6585
6585 6584
6584 6583
6583 6582
6582 6581
6581 6580
6580 6579
6579 6578
6578 6577
6577 6576
6576 6575
6575 6574
6574 6573
6573 6572
6572 6571
6571 6570
6570 6569
6569 6568
6568 6567
6567 6566
6566 6565
6565 6564
6564 6563
6563 6562
6562 6561
6561 6560
6560 6626
6625 6624
6624 6623
6623 6622
6622 6621
6621 6620
6620 6619
6619 6618
6618 6617
6617 6616
6616 6615
6615 6614
6614 6613
6613 6612
6612 6611
6611 6610
6610 6609
6609 6608
6608 6607
6607 6606
6606 6605
6605 6604
6604 6603
6603 6602
6602 6601
6601 6600
6600 6599
6599 6598
6598 6597
6597 6596
6596 6595
6595 6594
6594 6593
6593 6592
6592 6591
6591 6590
6590 6589
6589 6588
6588 6587
6587 6586
6586 6585
6585 6584
6584 6583
6583 6582
6582 6581
6581 6580
6580 6579
6579 6578
6578 6577
6577 6576
6576 6575
6575 6574
6574 6573
6573 6572
6572 6571
6571 6570
6570 6569
6569 6568
6568 6567
6567 6566
6566 6565
6565 6564
6564 6563
6563 6562
6562 6561
6561 6560
6560 6627
6626 6625
6625 6624
6624 6623
6623 6622
6622 6621
6621 6620
6620 6619
6619 6618
6618 6617
6617 6616
6616 6615
6615 6614
6614 6613
6613 6612
6612 6611
6611 6610
6610 6609
6609 6608
6608 6607
6607 6606
6606 6605
6605 6604
6604 6603
6603 6602
6602 6601
6601 6600
6600 6599
6599 6598
6598 6597
6597 6596
6596 6595
6595 6594
6594 6593
6593 6592
6592 6591
6591 6590
6590 6589
6589 6588
6588 6587
6587 6586
6586 6585
6585 6584
6584 6583
6583 6582
6582 6581
6581 6580
6580 6579
6579 6578
6578 6577
6577 6576
6576 6575
6575 6574
6574 6573
6573 6572
6572 6571
6571 6570
6570 6569
6569 6568
6568 6567
6567 6566
6566 6565
6565 6564
6564 6563
6563 6562
6562 6561
6561 6560
6560 6628
6627 6626
6626 6625
6625 6624
6624 6623
6623 6622
6622 6621
6621 6620
6620 6619
6619 6618
6618 6617
6617 6616
6616 6615
6615 6614
6614 6613
6613 6612
6612 6611
6611 6610
6610 6609
6609 6608
6608 6607
6607 6606
6606 6605
6605 6604
6604 6603
6603 6602
6602 6601
6601 6600
6600 6599
6599 6598
6598 6597
6597 6596
6596 6595
6595 6594
6594 6593
6593 6592
6592 6591
6591 6590
6590 6589
6589 6588
6588 6587
6587 6586
6586 6585
6585 6584
6584 6583
6583 6582
6582 6581
6581 6580
6580 6579
6579 6578
6578 6577
6577 6576
6576 6575
6575 6574
6574 6573
6573 6572
6572 6571
6571 6570
6570 6569
6569 6568
6568 6567
6567 6566
6566 6565
6565 6564
6564 6563
6563 6562
6562 6561
6561 6560
6560 6629
6628 6627
6627 6626
6626 6625
6625 6624
6624 6623
6623 6622
6622 6621
6621 6620
6620 6619
6619 6618
6618 6617
6617 6616
6616 6615
6615 6614
6614 6613
6613 6612
6612 6611
6611 6610
6610 6609
6609 6608
6608 6607
6607 6606
6606 6605
6605 6604
6604 6603
6603 6602
6602 6601
6601 6600
6600 6599
6599 6598
6598 6597
6597 6596
6596 6595
6595 6594
6594 6593
6593 6592
6592 6591
6591 6590
6590 6589
6589 6588
6588 6587
6587 6586
6586 6585
6585 6584
6584 6583
6583 6582
6582 6581
6581 6580
6580 6579
6579 6578
6578 6577
6577 6576
6576 6575
6575 6574
6574 6573
6573 6572
6572 6571
6571 6570
6570 6569
6569 6568
6568 6567
6567 6566
6566 6565
6565 6564
6564 6563
6563 6562
6562 6561
6561 6560
6560 6630
6629 6628
6628 6627
6627 6626
6626 6625
6625 6624
6624 6623
6623 6622
6622 6621
6621 6620
6620 6619
6619 6618
6618 6617
6617 6616
6616 6615
6615 6614
6614 6613
6613 6612
6612 6611
6611 6610
6610 6609
6609 6608
6608 6607
6607 6606
6606 6605
6605 6604
6604 6603
6603 6602
6602 6601
6601 6600
6600 6599
6599 6598
6598 6597
6597 6596
6596 6595
6595 6594
6594 6593
6593 6592
6592 6591
6591 6590
6590 6589
6589 6588
6588 6587
6587 6586
6586 6585
6585 6584
6584 6583
6583 6582
6582 6581
6581 6580
6580 6579
6579 6578
6578 6577
6577 6576
6576 6575
6575 6574
6574 6573
6573 6572
6572 6571
6571 6570
6570 6569
6569 6568
6568 6567
6567 6566
6566 6565
6565 6564
6564 6563
6563 6562
6562 6561
6561 6560
6560 6631
6630 6629
6629 6628
6628 6627
6627 6626
6626 6625
6625 6624
6624 6623
6623 6622
6622 6621
6621 6620
6620 6619
6619 6618
6618 6617
6617 6616
6616 6615
6615 6614
6614 6613
6613 6612
6612 6611
6611 6610
6610 6609
6609 6608
6608 6607
6607 6606
6606 6605
6605 6604
6604 6603
6603 6602
6602 6601
6601 6600
6600 6599
6599 6598
6598 6597
6597 6596
6596 6595
6595 6594
6594 6593
6593 6592
6592 6591
6591 6590
6590 6589
6589 6588
6588 6587
6587 6586
6586 6585
6585 6584
6584 6583
6583 6582
6582 6581
6581 6580
6580 6579
6579 6578
6578 6577
6577 6576
6576 6575
6575 6574
6574 6573
6573 6572
6572 6571
6571 6570
6570 6569
6569 6568
6568 6567
6567 6566
6566 6565
6565 6564
6564 6563
6563 6562
6562 6561
6561 6560
6560 6632
6631 6630
6630 6629
6629 6628
6628 6627
6627 6626
6626 6625
6625 6624
6624 6623
6623 6622
6622 6621
6621 6620
6620 6619
6619 6618
6618 6617
6617 6616
6616 6615
6615 6614
6614 6613
6613 6612
6612 6611
6611 6610
6610 6609
6609 6608
6608 6607
6607 6606
6606 6605
6605 6604
6604 6603
6603 6602
6602 6601
6601 6600
6600 6599
6599 6598
6598 6597
6597 6596
6596 6595
6595 6594
6594 6593
6593 6592
6592 6591
6591 6590
6590 6589
6589 6588
6588 6587
6587 6586
6586 6585
6585 6584
6584 6583
6583 6582
6582 6581
6581 6580
6580 6579
6579 6578
6578 6577
6577 6576
6576 6575
6575 6574
6574 6573
6573 6572
6572 6571
6571 6570
6570 6569
6569 6568
6568 6567
6567 6566
6566 6565
6565 6564
6564 6563
6563 6562
6562 6561
6561 6560
6560 6633
6632 6631
6631 6630
6630 6629
6629 6628
6628 6627
6627 6626
6626 6625
6625 6624
6624 6623
6623 6622
6622 6621
6621 6620
6620 6619
6619 6618
6618 6617
6617 6616
6616 6615
6615 6614
6614 6613
6613 6612
6612 6611
6611 6610
6610 6609
6609 6608
6608 6607
6607 6606
6606 6605
6605 6604
6604 6603
6603 6602
6602 6601
6601 6600
6600 6599
6599 6598
6598 6597
6597 6596
6596 6595
6595 6594
6594 6593
6593 6592
6592 6591
6591 6590
6590 6589
6589 6588
6588 6587
6587 6586
6586 6585
6585 6584
6584 6583
6583 6582
6582 6581
6581 6580
6580 6579
6579 6578
6578 6577
6577 6576
6576 6575
6575 6574
6574 6573
6573 6572
6572 6571
6571 6570
6570 6569
6569 6568
6568 6567
6567 6566
6566 6565
6565 6564
6564 6563
6563 6562
6562 6561
6561 6560
6560 6634
6633 6632
6632 6631
6631 6630
6630 6629
6629 6628
6628 6627
6627 6626
6626 6625
6625 6624
6624 6623
6623 6622
6622 6621
6621 6620
6620 6619
6619 6618
6618 6617
6617 6616
6616 6615
6615 6614
6614 6613
6613 6612
6612 6611
6611 6610
6610 6609
6609 6608
6608 6607
6607 6606
6606 6605
6605 6604
6604 6603
6603 6602
6602 6601
6601 6600
6600 6599
6599 6598
6598 6597
6597 6596
6596 6595
6595 6594
6594 6593
6593 6592
6592 6591
6591 6590
6590 6589
6589 6588
6588 6587
6587 6586
6586 6585
6585 6584
6584 6583
6583 6582
6582 6581
6581 6580
6580 6579
6579 6578
6578 6577
6577 6576
6576 6575
6575 6574
6574 6573
6573 6572
6572 6571
6571 6570
6570 6569
6569 6568
6568 6567
6567 6566
6566 6565
6565 6564
6564 6563
6563 6562
6562 6561
6561 6560
6560 6635
6634 6633
6633 6632
6632 6631
6631 6630
6630 6629
6629 6628
6628 6627
6627 6626
6626 6625
6625 6624
6624 6623
6623 6622
6622 6621
6621 6620
6620 6619
6619 6618
6618 6617
6617 6616
6616 6615
6615 6614
6614 6613
6613 6612
6612 6611
6611 6610
6610 6609
6609 6608
6608 6607
6607 6606
6606 6605
6605 6604
6604 6603
6603 6602
6602 6601
6601 6600
6600 6599
6599 6598
6598 6597
6597 6596
6596 6595
6595 6594
6594 6593
6593 6592
6592 6591
6591 6590
6590 6589
6589 6588
6588 6587
6587 6586
6586 6585
6585 6584
6584 6583
6583 6582
6582 6581
6581 6580
6580 6579
6579 6578
6578 6577
6577 6576
6576 6575
6575 6574
6574 6573
6573 6572
6572 6571
6571 6570
6570 6569
6569 6568
6568 6567
6567 6566
6566 6565
6565 6564
6564 6563
6563 6562
6562 6561
6561 6560
6560 6636
6635 6634
6634 6633
6633 6632
6632 6631
6631 6630
6630 6629
6629 6628
6628 6627
6627 6626
6626 6625
6625 6624
6624 6623
6623 6622
6622 6621
6621 6620
6620 6619
6619 6618
6618 6617
6617 6616
6616 6615
6615 6614
6614 6613
6613 6612
6612 6611
6611 6610
6610 6609
6609 6608
6608 6607
6607 6606
6606 6605
6605 6604
6604 6603
6603 6602
6602 6601
6601 6600
6600 6599
6599 6598
6598 6597
6597 6596
6596 6595
6595 6594
6594 6593
6593 6592
6592 6591
6591 6590
6590 6589
6589 6588
6588 6587
6587 6586
6586 6585
6585 6584
6584 6583
6583 6582
6582 6581
6581 6580
6580 6579
6579 6578
6578 6577
6577 6576
6576 6575
6575 6574
6574 6573
6573 6572
6572 6571
6571 6570
6570 6569
6569 6568
6568 6567
6567 6566
6566 6565
6565 6564
6564 6563
6563 6562
6562 6561
6561 6560
6560 6637
6636 6635
6635 6634
6634 6633
6633 6632
6632 6631
6631 6630
6630 6629
6629 6628
6628 6627
6627 6626
6626 6625
6625 6624
6624 6623
6623 6622
6622 6621
6621 6620
6620 6619
6619 6618
6618 6617
6617 6616
6616 6615
6615 6614
6614 6613
6613 6612
6612 6611
6611 6610
6610 6609
6609 6608
6608 6607
6607 6606
6606 6605
6605 6604
6604 6603
6603 6602
6602 6601
6601 6600
6600 6599
6599 6598
6598 6597
6597 6596
6596 6595
6595 6594
6594 6593
6593 6592
6592 6591
6591 6590
6590 6589
6589 6588
6588 6587
6587 6586
6586 6585
6585 6584
6584 6583
6583 6582
6582 6581
6581 6580
6580 6579
6579 6578
6578 6577
6577 6576
6576 6575
6575 6574
6574 6573
6573 6572
6572 6571
6571 6570
6570 6569
6569 6568
6568 6567
6567 6566
6566 6565
6565 6564
6564 6563
6563 6562
6562 6561
6561 6560
6560 6638
6637 6636
6636 6635
6635 6634
6634 6633
6633 6632
6632 6631
6631 6630
6630 6629
6629 6628
6628 6627
6627 6626
6626 6625
6625 6624
6624 6623
6623 6622
6622 6621
6621 6620
6620 6619
6619 6618
6618 6617
6617 6616
6616 6615
6615 6614
6614 6613
6613 6612
6612 6611
6611 6610
6610 6609
6609 6608
6608 6607
6607 6606
6606 6605
6605 6604
6604 6603
6603 6602
6602 6601
6601 6600
6600 6599
6599 6598
6598 6597
6597 6596
6596 6595
6595 6594
6594 6593
6593 6592
6592 6591
6591 6590
6590 6589
6589 6588
6588 6587
6587 6586
6586 6585
6585 6584
6584 6583
6583 6582
6582 6581
6581 6580
6580 6579
6579 6578
6578 6577
6577 6576
6576 6575
6575 6574
6574 6573
6573 6572
6572 6571
6571 6570
6570 6569
6569 6568
6568 6567
6567 6566
6566 6565
6565 6564
6564 6563
6563 6562
6562 6561
6561 6560
6560 6639
6638 6637
6637 6636
6636 6635
6635 6634
6634 6633
6633 6632
6632 6631
6631 6630
6630 6629
6629 6628
6628 6627
6627 6626
6626 6625
6625 6624
6624 6623
6623 6622
6622 6621
6621 6620
6620 6619
6619 6618
6618 6617
6617 6616
6616 6615
6615 6614
6614 6613
6613 6612
6612 6611
6611 6610
6610 6609
6609 6608
6608 6607
6607 6606
6606 6605
6605 6604
6604 6603
6603 6602
6602 6601
6601 6600
6600 6599
6599 6598
6598 6597
6597 6596
6596 6595
6595 6594
6594 6593
6593 6592
6592 6591
6591 6590
6590 6589
6589 6588
6588 6587
6587 6586
6586 6585
6585 6584
6584 6583
6583 6582
6582 6581
6581 6580
6580 6579
6579 6578
6578 6577
6577 6576
6576 6575
6575 6574
6574 6573
6573 6572
6572 6571
6571 6570
6570 6569
6569 6568
6568 6567
6567 6566
6566 6565
6565 6564
6564 6563
6563 6562
6562 6561
6561 6560
6560 6640
6639 6638
6638 6637
6637 6636
6636 6635
6635 6634
6634 6633
6633 6632
6632 6631
6631 6630
6630 6629
6629 6628
6628 6627
6627 6626
6626 6625
6625 6624
6624 6623
6623 6622
6622 6621
6621 6620
6620 6619
6619 6618
6618 6617
6617 6616
6616 6615
6615 6614
6614 6613
6613 6612
6612 6611
6611 6610
6610 6609
6609 6608
6608 6607
6607 6606
6606 6605
6605 6604
6604 6603
6603 6602
6602 6601
6601 6600
6600 6599
6599 6598
6598 6597
6597 6596
6596 6595
6595 6594
6594 6593
6593 6592
6592 6591
6591 6590
6590 6589
6589 6588
6588 6587
6587 6586
6586 6585
6585 6584
6584 6583
6583 6582
6582 6581
6581 6580
6580 6579
6579 6578
6578 6577
6577 6576
6576 6575
6575 6574
6574 6573
6573 6572
6572 6571
6571 6570
6570 6569
6569 6568
6568 6567
6567 6566
6566 6565
6565 6564
6564 6563
6563 6562
6562 6561
6561 6560
6560 6641
6640 6639
6639 6638
6638 6637
6637 6636
6636 6635
6635 6634
6634 6633
6633 6632
6632 6631
6631 6630
6630 6629
6629 6628
6628 6627
6627 6626
6626 6625
6625 6624
6624 6623
6623 6622
6622 6621
6621 6620
6620 6619
6619 6618
6618 6617
6617 6616
6616 6615
6615 6614
6614 6613
6613 6612
6612 6611
6611 6610
6610 6609
6609 6608
6608 6607
6607 6606
6606 6605
6605 6604
6604 6603
6603 6602
6602 6601
6601 6600
6600 6599
6599 6598
6598 6597
6597 6596
6596 6595
6595 6594
6594 6593
6593 6592
6592 6591
6591 6590
6590 6589
6589 6588
6588 6587
6587 6586
6586 6585
6585 6584
6584 6583
6583 6582
6582 6581
6581 6580
6580 6579
6579 6578
6578 6577
6577 6576
6576 6575
6575 6574
6574 6573
6573 6572
6572 6571
6571 6570
6570 6569
6569 6568
6568 6567
6567 6566
6566 6565
6565 6564
6564 6563
6563 6562
6562 6561
6561 6560
6560 6642
6641 6640
6640 6639
6639 6638
6638 6637
6637 6636
6636 6635
6635 6634
6634 6633
6633 6632
6632 6631
6631 6630
6630 6629
6629 6628
6628 6627
6627 6626
6626 6625
6625 6624
6624 6623
6623 6622
6622 6621
6621 6620
6620 6619
6619 6618
6618 6617
6617 6616
6616 6615
6615 6614
6614 6613
6613 6612
6612 6611
6611 6610
6610 6609
6609 6608
6608 6607
6607 6606
6606 6605
6605 6604
6604 6603
6603 6602
6602 6601
6601 6600
6600 6599
6599 6598
6598 6597
6597 6596
6596 6595
6595 6594
6594 6593
6593 6592
6592 6591
6591 6590
6590 6589
6589 6588
6588 6587
6587 6586
6586 6585
6585 6584
6584 6583
6583 6582
6582 6581
6581 6580
6580 6579
6579 6578
6578 6577
6577 6576
6576 6575
6575 6574
6574 6573
6573 6572
6572 6571
6571 6570
6570 6569
6569 6568
6568 6567
6567 6566
6566 6565
6565 6564
6564 6563
6563 6562
6562 6561
6561 6560
6560 6643
6642 6641
6641 6640
6640 6639
6639 6638
6638 6637
6637 6636
6636 6635
6635 6634
6634 6633
6633 6632
6632 6631
6631 6630
6630 6629
6629 6628
6628 6627
6627 6626
6626 6625
6625 6624
6624 6623
6623 6622
6622 6621
6621 6620
6620 6619
6619 6618
6618 6617
6617 6616
6616 6615
6615 6614
6614 6613
6613 6612
6612 6611
6611 6610
6610 6609
6609 6608
6608 6607
6607 6606
6606 6605
6605 6604
6604 6603
6603 6602
6602 6601
6601 6600
6600 6599
6599 6598
6598 6597
6597 6596
6596 6595
6595 6594
6594 6593
6593 6592
6592 6591
6591 6590
6590 6589
6589 6588
6588 6587
6587 6586
6586 6585
6585 6584
6584 6583
6583 6582
6582 6581
6581 6580
6580 6579
6579 6578
6578 6577
6577 6576
6576 6575
6575 6574
6574 6573
6573 6572
6572 6571
6571 6570
6570 6569
6569 6568
6568 6567
6567 6566
6566 6565
6565 6564
6564 6563
6563 6562
6562 6561
6561 6560
6560 6644
6643 6642
6642 6641
6641 6640
6640 6639
6639 6638
6638 6637
6637 6636
6636 6635
6635 6634
6634 6633
6633 6632
6632 6631
6631 6630
6630 6629
6629 6628
6628 6627
6627 6626
6626 6625
6625 6624
6624 6623
6623 6622
6622 6621
6621 6620
6620 6619
6619 6618
6618 6617
6617 6616
6616 6615
6615 6614
6614 6613
6613 6612
6612 6611
6611 6610
6610 6609
6609 6608
6608 6607
6607 6606
6606 6605
6605 6604
6604 6603
6603 6602
6602 6601
6601 6600
6600 6599
6599 6598
6598 6597
6597 6596
6596 6595
6595 6594
6594 6593
6593 6592
6592 6591
6591 6590
6590 6589
6589 6588
6588 6587
6587 6586
6586 6585
6585 6584
6584 6583
6583 6582
6582 6581
6581 6580
6580 6579
6579 6578
6578 6577
6577 6576
6576 6575
6575 6574
6574 6573
6573 6572
6572 6571
6571 6570
6570 6569
6569 6568
6568 6567
6567 6566
6566 6565
6565 6564
6564 6563
6563 6562
6562 6561
6561 6560
6560 6645
6644 6643
6643 6642
6642 6641
6641 6640
6640 6639
6639 6638
6638 6637
6637 6636
6636 6635
6635 6634
6634 6633
6633 6632
6632 6631
6631 6630
6630 6629
6629 6628
6628 6627
6627 6626
6626 6625
6625 6624
6624 6623
6623 6622
6622 6621
6621 6620
6620 6619
6619 6618
6618 6617
6617 6616
6616 6615
6615 6614
6614 6613
6613 6612
6612 6611
6611 6610
6610 6609
6609 6608
6608 6607
6607 6606
6606 6605
6605 6604
6604 6603
6603 6602
6602 6601
6601 6600
6600 6599
6599 6598
6598 6597
6597 6596
6596 6595
6595 6594
6594 6593
6593 6592
6592 6591
6591 6590
6590 6589
6589 6588
6588 6587
6587 6586
6586 6585
6585 6584
6584 6583
6583 6582
6582 6581
6581 6580
6580 6579
6579 6578
6578 6577
6577 6576
6576 6575
6575 6574
6574 6573
6573 6572
6572 6571
6571 6570
6570 6569
6569 6568
6568 6567
6567 6566
6566 6565
6565 6564
6564 6563
6563 6562
6562 6561
6561 6560
6560 6646
6645 6644
6644 6643
6643 6642
6642 6641
6641 6640
6640 6639
6639 6638
6638 6637
6637 6636
6636 6635
6635 6634
6634 6633
6633 6632
6632 6631
6631 6630
6630 6629
6629 6628
6628 6627
6627 6626
6626 6625
6625 6624
6624 6623
6623 6622
6622 6621
6621 6620
6620 6619
6619 6618
6618 6617
6617 6616
6616 6615
6615 6614
6614 6613
6613 6612
6612 6611
6611 6610
6610 6609
6609 6608
6608 6607
6607 6606
6606 6605
6605 6604
6604 6603
6603 6602
6602 6601
6601 6600
6600 6599
6599 6598
6598 6597
6597 6596
6596 6595
6595 6594
6594 6593
6593 6592
6592 6591
6591 6590
6590 6589
6589 6588
6588 6587
6587 6586
6586 6585
6585 6584
6584 6583
6583 6582
6582 6581
6581 6580
6580 6579
6579 6578
6578 6577
6577 6576
6576 6575
6575 6574
6574 6573
6573 6572
6572 6571
6571 6570
6570 6569
6569 6568
6568 6567
6567 6566
6566 6565
6565 6564
6564 6563
6563 6562
6562 6561
6561 6560
6560 6647
6646 6645
6645 6644
6644 6643
6643 6642
6642 6641
6641 6640
6640 6639
6639 6638
6638 6637
6637 6636
6636 6635
6635 6634
6634 6633
6633 6632
6632 6631
6631 6630
6630 6629
6629 6628
6628 6627
6627 6626
6626 6625
6625 6624
6624 6623
6623 6622
6622 6621
6621 6620
6620 6619
6619 6618
6618 6617
6617 6616
6616 6615
6615 6614
6614 6613
6613 6612
6612 6611
6611 6610
6610 6609
6609 6608
6608 6607
6607 6606
6606 6605
6605 6604
6604 6603
6603 6602
6602 6601
6601 6600
6600 6599
6599 6598
6598 6597
6597 6596
6596 6595
6595 6594
6594 6593
6593 6592
6592 6591
6591 6590
6590 6589
6589 6588
6588 6587
6587 6586
6586 6585
6585 6584
6584 6583
6583 6582
6582 6581
6581 6580
6580 6579
6579 6578
6578 6577
6577 6576
6576 6575
6575 6574
6574 6573
6573 6572
6572 6571
6571 6570
6570 6569
6569 6568
6568 6567
6567 6566
6566 6565
6565 6564
6564 6563
6563 6562
6562 6561
6561 6560
6560 6648
6647 6646
6646 6645
6645 6644
6644 6643
6643 6642
6642 6641
6641 6640
6640 6639
6639 6638
6638 6637
6637 6636
6636 6635
6635 6634
6634 6633
6633 6632
6632 6631
6631 6630
6630 6629
6629 6628
6628 6627
6627 6626
6626 6625
6625 6624
6624 6623
6623 6622
6622 6621
6621 6620
6620 6619
6619 6618
6618 6617
6617 6616
6616 6615
6615 6614
6614 6613
6613 6612
6612 6611
6611 6610
6610 6609
6609 6608
6608 6607
6607 6606
6606 6605
6605 6604
6604 6603
6603 6602
6602 6601
6601 6600
6600 6599
6599 6598
6598 6597
6597 6596
6596 6595
6595 6594
6594 6593
6593 6592
6592 6591
6591 6590
6590 6589
6589 6588
6588 6587
6587 6586
6586 6585
6585 6584
6584 6583
6583 6582
6582 6581
6581 6580
6580 6579
6579 6578
6578 6577
6577 6576
6576 6575
6575 6574
6574 6573
6573 6572
6572 6571
6571 6570
6570 6569
6569 6568
6568 6567
6567 6566
6566 6565
6565 6564
6564 6563
6563 6562
6562 6561
6561 6560
6560 6649
6648 6647
6647 6646
6646 6645
6645 6644
6644 6643
6643 6642
6642 6641
6641 6640
6640 6639
6639 6638
6638 6637
6637 6636
6636 6635
6635 6634
6634 6633
6633 6632
6632 6631
6631 6630
6630 6629
6629 6628
6628 6627
6627 6626
6626 6625
6625 6624
6624 6623
6623 6622
6622 6621
6621 6620
6620 6619
6619 6618
6618 6617
6617 6616
6616 6615
6615 6614
6614 6613
6613 6612
6612 6611
6611 6610
6610 6609
6609 6608
6608 6607
6607 6606
6606 6605
6605 6604
6604 6603
6603 6602
6602 6601
6601 6600
6600 6599
6599 6598
6598 6597
6597 6596
6596 6595
6595 6594
6594 6593
6593 6592
6592 6591
6591 6590
6590 6589
6589 6588
6588 6587
6587 6586
6586 6585
6585 6584
6584 6583
6583 6582
6582 6581
6581 6580
6580 6579
6579 6578
6578 6577
6577 6576
6576 6575
6575 6574
6574 6573
6573 6572
6572 6571
6571 6570
6570 6569
6569 6568
6568 6567
6567 6566
6566 6565
6565 6564
6564 6563
6563 6562
6562 6561
6561 6560
6560 6650
6649 6648
6648 6647
6647 6646
6646 6645
6645 6644
6644 6643
6643 6642
6642 6641
6641 6640
6640 6639
6639 6638
6638 6637
6637 6636
6636 6635
6635 6634
6634 6633
6633 6632
6632 6631
6631 6630
6630 6629
6629 6628
6628 6627
6627 6626
6626 6625
6625 6624
6624 6623
6623 6622
6622 6621
6621 6620
6620 6619
6619 6618
6618 6617
6617 6616
6616 6615
6615 6614
6614 6613
6613 6612
6612 6611
6611 6610
6610 6609
6609 6608
6608 6607
6607 6606
6606 6605
6605 6604
6604 6603
6603 6602
6602 6601
6601 6600
6600 6599
6599 6598
6598 6597
6597 6596
6596 6595
6595 6594
6594 6593
6593 6592
6592 6591
6591 6590
6590 6589
6589 6588
6588 6587
6587 6586
6586 6585
6585 6584
6584 6583
6583 6582
6582 6581
6581 6580
6580 6579
6579 6578
6578 6577
6577 6576
6576 6575
6575 6574
6574 6573
6573 6572
6572 6571
6571 6570
6570 6569
6569 6568
6568 6567
6567 6566
6566 6565
6565 6564
6564 6563
6563 6562
6562 6561
6561 6560
6560 6651
6650 6649
6649 6648
6648 6647
6647 6646
6646 6645
6645 6644
6644 6643
6643 6642
6642 6641
6641 6640
6640 6639
6639 6638
6638 6637
6637 6636
6636 6635
6635 6634
6634 6633
6633 6632
6632 6631
6631 6630
6630 6629
6629 6628
6628 6627
6627 6626
6626 6625
6625 6624
6624 6623
6623 6622
6622 6621
6621 6620
6620 6619
6619 6618
6618 6617
6617 6616
6616 6615
6615 6614
6614 6613
6613 6612
6612 6611
6611 6610
6610 6609
6609 6608
6608 6607
6607 6606
6606 6605
6605 6604
6604 6603
6603 6602
6602 6601
6601 6600
6600 6599
6599 6598
6598 6597
6597 6596
6596 6595
6595 6594
6594 6593
6593 6592
6592 6591
6591 6590
6590 6589
6589 6588
6588 6587
6587 6586
6586 6585
6585 6584
6584 6583
6583 6582
6582 6581
6581 6580
6580 6579
6579 6578
6578 6577
6577 6576
6576 6575
6575 6574
6574 6573
6573 6572
6572 6571
6571 6570
6570 6569
6569 6568
6568 6567
6567 6566
6566 6565
6565 6564
6564 6563
6563 6562
6562 6561
6561 6560
6560 6652
6651 6650
6650 6649
6649 6648
6648 6647
6647 6646
6646 6645
6645 6644
6644 6643
6643 6642
6642 6641
6641 6640
6640 6639
6639 6638
6638 6637
6637 6636
6636 6635
6635 6634
6634 6633
6633 6632
6632 6631
6631 6630
6630 6629
6629 6628
6628 6627
6627 6626
6626 6625
6625 6624
6624 6623
6623 6622
6622 6621
6621 6620
6620 6619
6619 6618
6618 6617
6617 6616
6616 6615
6615 6614
6614 6613
6613 6612
6612 6611
6611 6610
6610 6609
6609 6608
6608 6607
6607 6606
6606 6605
6605 6604
6604 6603
6603 6602
6602 6601
6601 6600
6600 6599
6599 6598
6598 6597
6597 6596
6596 6595
6595 6594
6594 6593
6593 6592
6592 6591
6591 6590
6590 6589
6589 6588
6588 6587
6587 6586
6586 6585
6585 6584
6584 6583
6583 6582
6582 6581
6581 6580
6580 6579
6579 6578
6578 6577
6577 6576
6576 6575
6575 6574
6574 6573
6573 6572
6572 6571
6571 6570
6570 6569
6569 6568
6568 6567
6567 6566
6566 6565
6565 6564
6564 6563
6563 6562
6562 6561
6561 6560
6560 6653
6652 6651
6651 6650
6650 6649
6649 6648
6648 6647
6647 6646
6646 6645
6645 6644
6644 6643
6643 6642
6642 6641
6641 6640
6640 6639
6639 6638
6638 6637
6637 6636
6636 6635
6635 6634
6634 6633
6633 6632
6632 6631
6631 6630
6630 6629
6629 6628
6628 6627
6627 6626
6626 6625
6625 6624
6624 6623
6623 6622
6622 6621
6621 6620
6620 6619
6619 6618
6618 6617
6617 6616
6616 6615
6615 6614
6614 6613
6613 6612
6612 6611
6611 6610
6610 6609
6609 6608
6608 6607
6607 6606
6606 6605
6605 6604
6604 6603
6603 6602
6602 6601
6601 6600
6600 6599
6599 6598
6598 6597
6597 6596
6596 6595
6595 6594
6594 6593
6593 6592
6592 6591
6591 6590
6590 6589
6589 6588
6588 6587
6587 6586
6586 6585
6585 6584
6584 6583
6583 6582
6582 6581
6581 6580
6580 6579
6579 6578
6578 6577
6577 6576
6576 6575
6575 6574
6574 6573
6573 6572
6572 6571
6571 6570
6570 6569
6569 6568
6568 6567
6567 6566
6566 6565
6565 6564
6564 6563
6563 6562
6562 6561
6561 6560
6560 6654
6653 6652
6652 6651
6651 6650
6650 6649
6649 6648
6648 6647
6647 6646
6646 6645
6645 6644
6644 6643
6643 6642
6642 6641
6641 6640
6640 6639
6639 6638
6638 6637
6637 6636
6636 6635
6635 6634
6634 6633
6633 6632
6632 6631
6631 6630
6630 6629
6629 6628
6628 6627
6627 6626
6626 6625
6625 6624
6624 6623
6623 6622
6622 6621
6621 6620
6620 6619
6619 6618
6618 6617
6617 6616
6616 6615
6615 6614
6614 6613
6613 6612
6612 6611
6611 6610
6610 6609
6609 6608
6608 6607
6607 6606
6606 6605
6605 6604
6604 6603
6603 6602
6602 6601
6601 6600
6600 6599
6599 6598
6598 6597
6597 6596
6596 6595
6595 6594
6594 6593
6593 6592
6592 6591
6591 6590
6590 6589
6589 6588
6588 6587
6587 6586
6586 6585
6585 6584
6584 6583
6583 6582
6582 6581
6581 6580
6580 6579
6579 6578
6578 6577
6577 6576
6576 6575
6575 6574
6574 6573
6573 6572
6572 6571
6571 6570
6570 6569
6569 6568
6568 6567
6567 6566
6566 6565
6565 6564
6564 6563
6563 6562
6562 6561
6561 6560
6560 6655
6654 6653
6653 6652
6652 6651
6651 6650
6650 6649
6649 6648
6648 6647
6647 6646
6646 6645
6645 6644
6644 6643
6643 6642
6642 6641
6641 6640
6640 6639
6639 6638
6638 6637
6637 6636
6636 6635
6635 6634
6634 6633
6633 6632
6632 6631
6631 6630
6630 6629
6629 6628
6628 6627
6627 6626
6626 6625
6625 6624
6624 6623
6623 6622
6622 6621
6621 6620
6620 6619
6619 6618
6618 6617
6617 6616
6616 6615
6615 6614
6614 6613
6613 6612
6612 6611
6611 6610
6610 6609
6609 6608
6608 6607
6607 6606
6606 6605
6605 6604
6604 6603
6603 6602
6602 6601
6601 6600
6600 6599
6599 6598
6598 6597
6597 6596
6596 6595
6595 6594
6594 6593
6593 6592
6592 6591
6591 6590
6590 6589
6589 6588
6588 6587
6587 6586
6586 6585
6585 6584
6584 6583
6583 6582
6582 6581
6581 6580
6580 6579
6579 6578
6578 6577
6577 6576
6576 6575
6575 6574
6574 6573
6573 6572
6572 6571
6571 6570
6570 6569
6569 6568
6568 6567
6567 6566
6566 6565
6565 6564
6564 6563
6563 6562
6562 6561
6561 6560
6560 6656
6655 6654
6654 6653
6653 6652
6652 6651
6651 6650
6650 6649
6649 6648
6648 6647
6647 6646
6646 6645
6645 6644
6644 6643
6643 6642
6642 6641
6641 6640
6640 6639
6639 6638
6638 6637
6637 6636
6636 6635
6635 6634
6634 6633
6633 6632
6632 6631
6631 6630
6630 6629
6629 6628
6628 6627
6627 6626
6626 6625
6625 6624
6624 6623
6623 6622
6622 6621
6621 6620
6620 6619
6619 6618
6618 6617
6617 6616
6616 6615
6615 6614
6614 6613
6613 6612
6612 6611
6611 6610
6610 6609
6609 6608
6608 6607
6607 6606
6606 6605
6605 6604
6604 6603
6603 6602
6602 6601
6601 6600
6600 6599
6599 6598
6598 6597
6597 6596
6596 6595
6595 6594
6594 6593
6593 6592
6592 6591
6591 6590
6590 6589
6589 6588
6588 6587
6587 6586
6586 6585
6585 6584
6584 6583
6583 6582
6582 6581
6581 6580
6580 6579
6579 6578
6578 6577
6577 6576
6576 6575
6575 6574
6574 6573
6573 6572
6572 6571
6571 6570
6570 6569
6569 6568
6568 6567
6567 6566
6566 6565
6565 6564
6564 6563
6563 6562
6562 6561
6561 6560
6560 6657
6656 6655
6655 6654
6654 6653
6653 6652
6652 6651
6651 6650
6650 6649
6649 6648
6648 6647
6647 6646
6646 6645
6645 6644
6644 6643
6643 6642
6642 6641
6641 6640
6640 6639
6639 6638
6638 6637
6637 6636
6636 6635
6635 6634
6634 6633
6633 6632
6632 6631
6631 6630
6630 6629
6629 6628
6628 6627
6627 6626
6626 6625
6625 6624
6624 6623
6623 6622
6622 6621
6621 6620
6620 6619
6619 6618
6618 6617
6617 6616
6616 6615
6615 6614
6614 6613
6613 6612
6612 6611
6611 6610
6610 6609
6609 6608
6608 6607
6607 6606
6606 6605
6605 6604
6604 6603
6603 6602
6602 6601
6601 6600
6600 6599
6599 6598
6598 6597
6597 6596
6596 6595
6595 6594
6594 6593
6593 6592
6592 6591
6591 6590
6590 6589
6589 6588
6588 6587
6587 6586
6586 6585
6585 6584
6584 6583
6583 6582
6582 6581
6581 6580
6580 6579
6579 6578
6578 6577
6577 6576
6576 6575
6575 6574
6574 6573
6573 6572
6572 6571
6571 6570
6570 6569
6569 6568
6568 6567
6567 6566
6566 6565
6565 6564
6564 6563
6563 6562
6562 6561
6561 6560
6560 6658
6657 6656
6656 6655
6655 6654
6654 6653
6653 6652
6652 6651
6651 6650
6650 6649
6649 6648
6648 6647
6647 6646
6646 6645
6645 6644
6644 6643
6643 6642
6642 6641
6641 6640
6640 6639
6639 6638
6638 6637
6637 6636
6636 6635
6635 6634
6634 6633
6633 6632
6632 6631
6631 6630
6630 6629
6629 6628
6628 6627
6627 6626
6626 6625
6625 6624
6624 6623
6623 6622
6622 6621
6621 6620
6620 6619
6619 6618
6618 6617
6617 6616
6616 6615
6615 6614
6614 6613
6613 6612
6612 6611
6611 6610
6610 6609
6609 6608
6608 6607
6607 6606
6606 6605
6605 6604
6604 6603
6603 6602
6602 6601
6601 6600
6600 6599
6599 6598
6598 6597
6597 6596
6596 6595
6595 6594
6594 6593
6593 6592
6592 6591
6591 6590
6590 6589
6589 6588
6588 6587
6587 6586
6586 6585
6585 6584
6584 6583
6583 6582
6582 6581
6581 6580
6580 6579
6579 6578
6578 6577
6577 6576
6576 6575
6575 6574
6574 6573
6573 6572
6572 6571
6571 6570
6570 6569
6569 6568
6568 6567
6567 6566
6566 6565
6565 6564
6564 6563
6563 6562
6562 6561
6561 6560
6560 6659
6658 6657
6657 6656
6656 6655
6655 6654
6654 6653
6653 6652
6652 6651
6651 6650
6650 6649
6649 6648
6648 6647
6647 6646
6646 6645
6645 6644
6644 6643
6643 6642
6642 6641
6641 6640
6640 6639
6639 6638
6638 6637
6637 6636
6636 6635
6635 6634
6634 6633
6633 6632
6632 6631
6631 6630
6630 6629
6629 6628
6628 6627
6627 6626
6626 6625
6625 6624
6624 6623
6623 6622
6622 6621
6621 6620
6620 6619
6619 6618
6618 6617
6617 6616
6616 6615
6615 6614
6614 6613
6613 6612
6612 6611
6611 6610
6610 6609
6609 6608
6608 6607
6607 6606
6606 6605
6605 6604
6604 6603
6603 6602
6602 6601
6601 6600
6600 6599
6599 6598
6598 6597
6597 6596
6596 6595
6595 6594
6594 6593
6593 6592
6592 6591
6591 6590
6590 6589
6589 6588
6588 6587
6587 6586
6586 6585
6585 6584
6584 6583
6583 6582
6582 6581
6581 6580
6580 6579
6579 6578
6578 6577
6577 6576
6576 6575
6575 6574
6574 6573
6573 6572
6572 6571
6571 6570
6570 6569
6569 6568
6568 6567
6567 6566
6566 6565
6565 6564
6564 6563
6563 6562
6562 6561
6561 6560
