3572
3303 26494
395 26494
13248 13249
13248 13250
13249 13248
13248 13251
13250 13249
13249 13248
13248 13252
13251 13250
13250 13249
13249 13248
13248 13253
13252 13251
13251 13250
13250 13249
13249 13248
13248 13254
13253 13252
13252 13251
13251 13250
13250 13249
13249 13248
13248 13255
13254 13253
13253 13252
13252 13251
13251 13250
13250 13249
13249 13248
13248 13256
13255 13254
13254 13253
13253 13252
13252 13251
13251 13250
13250 13249
13249 13248
13248 13257
13256 13255
13255 13254
13254 13253
13253 13252
13252 13251
13251 13250
13250 13249
13249 13248
13248 13258
13257 13256
13256 13255
13255 13254
13254 13253
13253 13252
13252 13251
13251 13250
13250 13249
13249 13248
13248 13259
13258 13257
13257 13256
13256 13255
13255 13254
13254 13253
13253 13252
13252 13251
13251 13250
13250 13249
13249 13248
13248 13260
13259 13258
13258 13257
13257 13256
13256 13255
13255 13254
13254 13253
13253 13252
13252 13251
13251 13250
13250 13249
13249 13248
13248 13261
13260 13259
13259 13258
13258 13257
13257 13256
13256 13255
13255 13254
13254 13253
13253 13252
13252 13251
13251 13250
13250 13249
13249 13248
13248 13262
13261 13260
13260 13259
13259 13258
13258 13257
13257 13256
13256 13255
13255 13254
13254 13253
13253 13252
13252 13251
13251 13250
13250 13249
13249 13248
13248 13263
13262 13261
13261 13260
13260 13259
13259 13258
13258 13257
13257 13256
13256 13255
13255 13254
13254 13253
13253 13252
13252 13251
13251 13250
13250 13249
13249 13248
13248 13264
13263 13262
13262 13261
13261 13260
13260 13259
13259 13258
13258 13257
13257 13256
13256 13255
13255 13254
13254 13253
13253 13252
13252 13251
13251 13250
13250 13249
13249 13248
13248 13265
13264 13263
13263 13262
13262 13261
13261 13260
13260 13259
13259 13258
13258 13257
13257 13256
13256 13255
13255 13254
13254 13253
13253 13252
13252 13251
13251 13250
13250 13249
13249 13248
13248 13266
13265 13264
13264 13263
13263 13262
13262 13261
13261 13260
13260 13259
13259 13258
13258 13257
13257 13256
13256 13255
13255 13254
13254 13253
13253 13252
13252 13251
13251 13250
13250 13249
13249 13248
13248 13267
13266 13265
13265 13264
13264 13263
13263 13262
13262 13261
13261 13260
13260 13259
13259 13258
13258 13257
13257 13256
13256 13255
13255 13254
13254 13253
13253 13252
13252 13251
13251 13250
13250 13249
13249 13248
13248 13268
13267 13266
13266 13265
13265 13264
13264 13263
13263 13262
13262 13261
13261 13260
13260 13259
13259 13258
13258 13257
13257 13256
13256 13255
13255 13254
13254 13253
13253 13252
13252 13251
13251 13250
13250 13249
13249 13248
13248 13269
13268 13267
13267 13266
13266 13265
13265 13264
13264 13263
13263 13262
13262 13261
13261 13260
13260 13259
13259 13258
13258 13257
13257 13256
13256 13255
13255 13254
13254 13253
13253 13252
13252 13251
13251 13250
13250 13249
13249 13248
13248 13270
13269 13268
13268 13267
13267 13266
13266 13265
13265 13264
13264 13263
13263 13262
13262 13261
13261 13260
13260 13259
13259 13258
13258 13257
13257 13256
13256 13255
13255 13254
13254 13253
13253 13252
13252 13251
13251 13250
13250 13249
13249 13248
13248 13271
13270 13269
13269 13268
13268 13267
13267 13266
13266 13265
13265 13264
13264 13263
13263 13262
13262 13261
13261 13260
13260 13259
13259 13258
13258 13257
13257 13256
13256 13255
13255 13254
13254 13253
13253 13252
13252 13251
13251 13250
13250 13249
13249 13248
13248 13272
13271 13270
13270 13269
13269 13268
13268 13267
13267 13266
13266 13265
13265 13264
13264 13263
13263 13262
13262 13261
13261 13260
13260 13259
13259 13258
13258 13257
13257 13256
13256 13255
13255 13254
13254 13253
13253 13252
13252 13251
13251 13250
13250 13249
13249 13248
13248 13273
13272 13271
13271 13270
13270 13269
13269 13268
13268 13267
13267 13266
13266 13265
13265 13264
13264 13263
13263 13262
13262 13261
13261 13260
13260 13259
13259 13258
13258 13257
13257 13256
13256 13255
13255 13254
13254 13253
13253 13252
13252 13251
13251 13250
13250 13249
13249 13248
13248 13274
13273 13272
13272 13271
13271 13270
13270 13269
13269 13268
13268 13267
13267 13266
13266 13265
13265 13264
13264 13263
13263 13262
13262 13261
13261 13260
13260 13259
13259 13258
13258 13257
13257 13256
13256 13255
13255 13254
13254 13253
13253 13252
13252 13251
13251 13250
13250 13249
13249 13248
13248 13275
13274 13273
13273 13272
13272 13271
13271 13270
13270 13269
13269 13268
13268 13267
13267 13266
13266 13265
13265 13264
13264 13263
13263 13262
13262 13261
13261 13260
13260 13259
13259 13258
13258 13257
13257 13256
13256 13255
13255 13254
13254 13253
13253 13252
13252 13251
13251 13250
13250 13249
13249 13248
13248 13276
13275 13274
13274 13273
13273 13272
13272 13271
13271 13270
13270 13269
13269 13268
13268 13267
13267 13266
13266 13265
13265 13264
13264 13263
13263 13262
13262 13261
13261 13260
13260 13259
13259 13258
13258 13257
13257 13256
13256 13255
13255 13254
13254 13253
13253 13252
13252 13251
13251 13250
13250 13249
13249 13248
13248 13277
13276 13275
13275 13274
13274 13273
13273 13272
13272 13271
13271 13270
13270 13269
13269 13268
13268 13267
13267 13266
13266 13265
13265 13264
13264 13263
13263 13262
13262 13261
13261 13260
13260 13259
13259 13258
13258 13257
13257 13256
13256 13255
13255 13254
13254 13253
13253 13252
13252 13251
13251 13250
13250 13249
13249 13248
13248 13278
13277 13276
13276 13275
13275 13274
13274 13273
13273 13272
13272 13271
13271 13270
13270 13269
13269 13268
13268 13267
13267 13266
13266 13265
13265 13264
13264 13263
13263 13262
13262 13261
13261 13260
13260 13259
13259 13258
13258 13257
13257 13256
13256 13255
13255 13254
13254 13253
13253 13252
13252 13251
13251 13250
13250 13249
13249 13248
13248 13279
13278 13277
13277 13276
13276 13275
13275 13274
13274 13273
13273 13272
13272 13271
13271 13270
13270 13269
13269 13268
13268 13267
13267 13266
13266 13265
13265 13264
13264 13263
13263 13262
13262 13261
13261 13260
13260 13259
13259 13258
13258 13257
13257 13256
13256 13255
13255 13254
13254 13253
13253 13252
13252 13251
13251 13250
13250 13249
13249 13248
13248 13280
13279 13278
13278 13277
13277 13276
13276 13275
13275 13274
13274 13273
13273 13272
13272 13271
13271 13270
13270 13269
13269 13268
13268 13267
13267 13266
13266 13265
13265 13264
13264 13263
13263 13262
13262 13261
13261 13260
13260 13259
13259 13258
13258 13257
13257 13256
13256 13255
13255 13254
13254 13253
13253 13252
13252 13251
13251 13250
13250 13249
13249 13248
13248 13281
13280 13279
13279 13278
13278 13277
13277 13276
13276 13275
13275 13274
13274 13273
13273 13272
13272 13271
13271 13270
13270 13269
13269 13268
13268 13267
13267 13266
13266 13265
13265 13264
13264 13263
13263 13262
13262 13261
13261 13260
13260 13259
13259 13258
13258 13257
13257 13256
13256 13255
13255 13254
13254 13253
13253 13252
13252 13251
13251 13250
13250 13249
13249 13248
13248 13282
13281 13280
13280 13279
13279 13278
13278 13277
13277 13276
13276 13275
13275 13274
13274 13273
13273 13272
13272 13271
13271 13270
13270 13269
13269 13268
13268 13267
13267 13266
13266 13265
13265 13264
13264 13263
13263 13262
13262 13261
13261 13260
13260 13259
13259 13258
13258 13257
13257 13256
13256 13255
13255 13254
13254 13253
13253 13252
13252 13251
13251 13250
13250 13249
13249 13248
13248 13283
13282 13281
13281 13280
13280 13279
13279 13278
13278 13277
13277 13276
13276 13275
13275 13274
13274 13273
13273 13272
13272 13271
13271 13270
13270 13269
13269 13268
13268 13267
13267 13266
13266 13265
13265 13264
13264 13263
13263 13262
13262 13261
13261 13260
13260 13259
13259 13258
13258 13257
13257 13256
13256 13255
13255 13254
13254 13253
13253 13252
13252 13251
13251 13250
13250 13249
13249 13248
13248 13284
13283 13282
13282 13281
13281 13280
13280 13279
13279 13278
13278 13277
13277 13276
13276 13275
13275 13274
13274 13273
13273 13272
13272 13271
13271 13270
13270 13269
13269 13268
13268 13267
13267 13266
13266 13265
13265 13264
13264 13263
13263 13262
13262 13261
13261 13260
13260 13259
13259 13258
13258 13257
13257 13256
13256 13255
13255 13254
13254 13253
13253 13252
13252 13251
13251 13250
13250 13249
13249 13248
13248 13285
13284 13283
13283 13282
13282 13281
13281 13280
13280 13279
13279 13278
13278 13277
13277 13276
13276 13275
13275 13274
13274 13273
13273 13272
13272 13271
13271 13270
13270 13269
13269 13268
13268 13267
13267 13266
13266 13265
13265 13264
13264 13263
13263 13262
13262 13261
13261 13260
13260 13259
13259 13258
13258 13257
13257 13256
13256 13255
13255 13254
13254 13253
13253 13252
13252 13251
13251 13250
13250 13249
13249 13248
13248 13286
13285 13284
13284 13283
13283 13282
13282 13281
13281 13280
13280 13279
13279 13278
13278 13277
13277 13276
13276 13275
13275 13274
13274 13273
13273 13272
13272 13271
13271 13270
13270 13269
13269 13268
13268 13267
13267 13266
13266 13265
13265 13264
13264 13263
13263 13262
13262 13261
13261 13260
13260 13259
13259 13258
13258 13257
13257 13256
13256 13255
13255 13254
13254 13253
13253 13252
13252 13251
13251 13250
13250 13249
13249 13248
13248 13287
13286 13285
13285 13284
13284 13283
13283 13282
13282 13281
13281 13280
13280 13279
13279 13278
13278 13277
13277 13276
13276 13275
13275 13274
13274 13273
13273 13272
13272 13271
13271 13270
13270 13269
13269 13268
13268 13267
13267 13266
13266 13265
13265 13264
13264 13263
13263 13262
13262 13261
13261 13260
13260 13259
13259 13258
13258 13257
13257 13256
13256 13255
13255 13254
13254 13253
13253 13252
13252 13251
13251 13250
13250 13249
13249 13248
13248 13288
13287 13286
13286 13285
13285 13284
13284 13283
13283 13282
13282 13281
13281 13280
13280 13279
13279 13278
13278 13277
13277 13276
13276 13275
13275 13274
13274 13273
13273 13272
13272 13271
13271 13270
13270 13269
13269 13268
13268 13267
13267 13266
13266 13265
13265 13264
13264 13263
13263 13262
13262 13261
13261 13260
13260 13259
13259 13258
13258 13257
13257 13256
13256 13255
13255 13254
13254 13253
13253 13252
13252 13251
13251 13250
13250 13249
13249 13248
13248 13289
13288 13287
13287 13286
13286 13285
13285 13284
13284 13283
13283 13282
13282 13281
13281 13280
13280 13279
13279 13278
13278 13277
13277 13276
13276 13275
13275 13274
13274 13273
13273 13272
13272 13271
13271 13270
13270 13269
13269 13268
13268 13267
13267 13266
13266 13265
13265 13264
13264 13263
13263 13262
13262 13261
13261 13260
13260 13259
13259 13258
13258 13257
13257 13256
13256 13255
13255 13254
13254 13253
13253 13252
13252 13251
13251 13250
13250 13249
13249 13248
13248 13290
13289 13288
13288 13287
13287 13286
13286 13285
13285 13284
13284 13283
13283 13282
13282 13281
13281 13280
13280 13279
13279 13278
13278 13277
13277 13276
13276 13275
13275 13274
13274 13273
13273 13272
13272 13271
13271 13270
13270 13269
13269 13268
13268 13267
13267 13266
13266 13265
13265 13264
13264 13263
13263 13262
13262 13261
13261 13260
13260 13259
13259 13258
13258 13257
13257 13256
13256 13255
13255 13254
13254 13253
13253 13252
13252 13251
13251 13250
13250 13249
13249 13248
13248 13291
13290 13289
13289 13288
13288 13287
13287 13286
13286 13285
13285 13284
13284 13283
13283 13282
13282 13281
13281 13280
13280 13279
13279 13278
13278 13277
13277 13276
13276 13275
13275 13274
13274 13273
13273 13272
13272 13271
13271 13270
13270 13269
13269 13268
13268 13267
13267 13266
13266 13265
13265 13264
13264 13263
13263 13262
13262 13261
13261 13260
13260 13259
13259 13258
13258 13257
13257 13256
13256 13255
13255 13254
13254 13253
13253 13252
13252 13251
13251 13250
13250 13249
13249 13248
13248 13292
13291 13290
13290 13289
13289 13288
13288 13287
13287 13286
13286 13285
13285 13284
13284 13283
13283 13282
13282 13281
13281 13280
13280 13279
13279 13278
13278 13277
13277 13276
13276 13275
13275 13274
13274 13273
13273 13272
13272 13271
13271 13270
13270 13269
13269 13268
13268 13267
13267 13266
13266 13265
13265 13264
13264 13263
13263 13262
13262 13261
13261 13260
13260 13259
13259 13258
13258 13257
13257 13256
13256 13255
13255 13254
13254 13253
13253 13252
13252 13251
13251 13250
13250 13249
13249 13248
13248 13293
13292 13291
13291 13290
13290 13289
13289 13288
13288 13287
13287 13286
13286 13285
13285 13284
13284 13283
13283 13282
13282 13281
13281 13280
13280 13279
13279 13278
13278 13277
13277 13276
13276 13275
13275 13274
13274 13273
13273 13272
13272 13271
13271 13270
13270 13269
13269 13268
13268 13267
13267 13266
13266 13265
13265 13264
13264 13263
13263 13262
13262 13261
13261 13260
13260 13259
13259 13258
13258 13257
13257 13256
13256 13255
13255 13254
13254 13253
13253 13252
13252 13251
13251 13250
13250 13249
13249 13248
13248 13294
13293 13292
13292 13291
13291 13290
13290 13289
13289 13288
13288 13287
13287 13286
13286 13285
13285 13284
13284 13283
13283 13282
13282 13281
13281 13280
13280 13279
13279 13278
13278 13277
13277 13276
13276 13275
13275 13274
13274 13273
13273 13272
13272 13271
13271 13270
13270 13269
13269 13268
13268 13267
13267 13266
13266 13265
13265 13264
13264 13263
13263 13262
13262 13261
13261 13260
13260 13259
13259 13258
13258 13257
13257 13256
13256 13255
13255 13254
13254 13253
13253 13252
13252 13251
13251 13250
13250 13249
13249 13248
13248 13295
13294 13293
13293 13292
13292 13291
13291 13290
13290 13289
13289 13288
13288 13287
13287 13286
13286 13285
13285 13284
13284 13283
13283 13282
13282 13281
13281 13280
13280 13279
13279 13278
13278 13277
13277 13276
13276 13275
13275 13274
13274 13273
13273 13272
13272 13271
13271 13270
13270 13269
13269 13268
13268 13267
13267 13266
13266 13265
13265 13264
13264 13263
13263 13262
13262 13261
13261 13260
13260 13259
13259 13258
13258 13257
13257 13256
13256 13255
13255 13254
13254 13253
13253 13252
13252 13251
13251 13250
13250 13249
13249 13248
13248 13296
13295 13294
13294 13293
13293 13292
13292 13291
13291 13290
13290 13289
13289 13288
13288 13287
13287 13286
13286 13285
13285 13284
13284 13283
13283 13282
13282 13281
13281 13280
13280 13279
13279 13278
13278 13277
13277 13276
13276 13275
13275 13274
13274 13273
13273 13272
13272 13271
13271 13270
13270 13269
13269 13268
13268 13267
13267 13266
13266 13265
13265 13264
13264 13263
13263 13262
13262 13261
13261 13260
13260 13259
13259 13258
13258 13257
13257 13256
13256 13255
13255 13254
13254 13253
13253 13252
13252 13251
13251 13250
13250 13249
13249 13248
13248 13297
13296 13295
13295 13294
13294 13293
13293 13292
13292 13291
13291 13290
13290 13289
13289 13288
13288 13287
13287 13286
13286 13285
13285 13284
13284 13283
13283 13282
13282 13281
13281 13280
13280 13279
13279 13278
13278 13277
13277 13276
13276 13275
13275 13274
13274 13273
13273 13272
13272 13271
13271 13270
13270 13269
13269 13268
13268 13267
13267 13266
13266 13265
13265 13264
13264 13263
13263 13262
13262 13261
13261 13260
13260 13259
13259 13258
13258 13257
13257 13256
13256 13255
13255 13254
13254 13253
13253 13252
13252 13251
13251 13250
13250 13249
13249 13248
13248 13298
13297 13296
13296 13295
13295 13294
13294 13293
13293 13292
13292 13291
13291 13290
13290 13289
13289 13288
13288 13287
13287 13286
13286 13285
13285 13284
13284 13283
13283 13282
13282 13281
13281 13280
13280 13279
13279 13278
13278 13277
13277 13276
13276 13275
13275 13274
13274 13273
13273 13272
13272 13271
13271 13270
13270 13269
13269 13268
13268 13267
13267 13266
13266 13265
13265 13264
13264 13263
13263 13262
13262 13261
13261 13260
13260 13259
13259 13258
13258 13257
13257 13256
13256 13255
13255 13254
13254 13253
13253 13252
13252 13251
13251 13250
13250 13249
13249 13248
13248 13299
13298 13297
13297 13296
13296 13295
13295 13294
13294 13293
13293 13292
13292 13291
13291 13290
13290 13289
13289 13288
13288 13287
13287 13286
13286 13285
13285 13284
13284 13283
13283 13282
13282 13281
13281 13280
13280 13279
13279 13278
13278 13277
13277 13276
13276 13275
13275 13274
13274 13273
13273 13272
13272 13271
13271 13270
13270 13269
13269 13268
13268 13267
13267 13266
13266 13265
13265 13264
13264 13263
13263 13262
13262 13261
13261 13260
13260 13259
13259 13258
13258 13257
13257 13256
13256 13255
13255 13254
13254 13253
13253 13252
13252 13251
13251 13250
13250 13249
13249 13248
13248 13300
13299 13298
13298 13297
13297 13296
13296 13295
13295 13294
13294 13293
13293 13292
13292 13291
13291 13290
13290 13289
13289 13288
13288 13287
13287 13286
13286 13285
13285 13284
13284 13283
13283 13282
13282 13281
13281 13280
13280 13279
13279 13278
13278 13277
13277 13276
13276 13275
13275 13274
13274 13273
13273 13272
13272 13271
13271 13270
13270 13269
13269 13268
13268 13267
13267 13266
13266 13265
13265 13264
13264 13263
13263 13262
13262 13261
13261 13260
13260 13259
13259 13258
13258 13257
13257 13256
13256 13255
13255 13254
13254 13253
13253 13252
13252 13251
13251 13250
13250 13249
13249 13248
13248 13301
13300 13299
13299 13298
13298 13297
13297 13296
13296 13295
13295 13294
13294 13293
13293 13292
13292 13291
13291 13290
13290 13289
13289 13288
13288 13287
13287 13286
13286 13285
13285 13284
13284 13283
13283 13282
13282 13281
13281 13280
13280 13279
13279 13278
13278 13277
13277 13276
13276 13275
13275 13274
13274 13273
13273 13272
13272 13271
13271 13270
13270 13269
13269 13268
13268 13267
13267 13266
13266 13265
13265 13264
13264 13263
13263 13262
13262 13261
13261 13260
13260 13259
13259 13258
13258 13257
13257 13256
13256 13255
13255 13254
13254 13253
13253 13252
13252 13251
13251 13250
13250 13249
13249 13248
13248 13302
13301 13300
13300 13299
13299 13298
13298 13297
13297 13296
13296 13295
13295 13294
13294 13293
13293 13292
13292 13291
13291 13290
13290 13289
13289 13288
13288 13287
13287 13286
13286 13285
13285 13284
13284 13283
13283 13282
13282 13281
13281 13280
13280 13279
13279 13278
13278 13277
13277 13276
13276 13275
13275 13274
13274 13273
13273 13272
13272 13271
13271 13270
13270 13269
13269 13268
13268 13267
13267 13266
13266 13265
13265 13264
13264 13263
13263 13262
13262 13261
13261 13260
13260 13259
13259 13258
13258 13257
13257 13256
13256 13255
13255 13254
13254 13253
13253 13252
13252 13251
13251 13250
13250 13249
13249 13248
13248 13303
13302 13301
13301 13300
13300 13299
13299 13298
13298 13297
13297 13296
13296 13295
13295 13294
13294 13293
13293 13292
13292 13291
13291 13290
13290 13289
13289 13288
13288 13287
13287 13286
13286 13285
13285 13284
13284 13283
13283 13282
13282 13281
13281 13280
13280 13279
13279 13278
13278 13277
13277 13276
13276 13275
13275 13274
13274 13273
13273 13272
13272 13271
13271 13270
13270 13269
13269 13268
13268 13267
13267 13266
13266 13265
13265 13264
13264 13263
13263 13262
13262 13261
13261 13260
13260 13259
13259 13258
13258 13257
13257 13256
13256 13255
13255 13254
13254 13253
13253 13252
13252 13251
13251 13250
13250 13249
13249 13248
13248 13304
13303 13302
13302 13301
13301 13300
13300 13299
13299 13298
13298 13297
13297 13296
13296 13295
13295 13294
13294 13293
13293 13292
13292 13291
13291 13290
13290 13289
13289 13288
13288 13287
13287 13286
13286 13285
13285 13284
13284 13283
13283 13282
13282 13281
13281 13280
13280 13279
13279 13278
13278 13277
13277 13276
13276 13275
13275 13274
13274 13273
13273 13272
13272 13271
13271 13270
13270 13269
13269 13268
13268 13267
13267 13266
13266 13265
13265 13264
13264 13263
13263 13262
13262 13261
13261 13260
13260 13259
13259 13258
13258 13257
13257 13256
13256 13255
13255 13254
13254 13253
13253 13252
13252 13251
13251 13250
13250 13249
13249 13248
13248 13305
13304 13303
13303 13302
13302 13301
13301 13300
13300 13299
13299 13298
13298 13297
13297 13296
13296 13295
13295 13294
13294 13293
13293 13292
13292 13291
13291 13290
13290 13289
13289 13288
13288 13287
13287 13286
13286 13285
13285 13284
13284 13283
13283 13282
13282 13281
13281 13280
13280 13279
13279 13278
13278 13277
13277 13276
13276 13275
13275 13274
13274 13273
13273 13272
13272 13271
13271 13270
13270 13269
13269 13268
13268 13267
13267 13266
13266 13265
13265 13264
13264 13263
13263 13262
13262 13261
13261 13260
13260 13259
13259 13258
13258 13257
13257 13256
13256 13255
13255 13254
13254 13253
13253 13252
13252 13251
13251 13250
13250 13249
13249 13248
13248 13306
13305 13304
13304 13303
13303 13302
13302 13301
13301 13300
13300 13299
13299 13298
13298 13297
13297 13296
13296 13295
13295 13294
13294 13293
13293 13292
13292 13291
13291 13290
13290 13289
13289 13288
13288 13287
13287 13286
13286 13285
13285 13284
13284 13283
13283 13282
13282 13281
13281 13280
13280 13279
13279 13278
13278 13277
13277 13276
13276 13275
13275 13274
13274 13273
13273 13272
13272 13271
13271 13270
13270 13269
13269 13268
13268 13267
13267 13266
13266 13265
13265 13264
13264 13263
13263 13262
13262 13261
13261 13260
13260 13259
13259 13258
13258 13257
13257 13256
13256 13255
13255 13254
13254 13253
13253 13252
13252 13251
13251 13250
13250 13249
13249 13248
13248 13307
13306 13305
13305 13304
13304 13303
13303 13302
13302 13301
13301 13300
13300 13299
13299 13298
13298 13297
13297 13296
13296 13295
13295 13294
13294 13293
13293 13292
13292 13291
13291 13290
13290 13289
13289 13288
13288 13287
13287 13286
13286 13285
13285 13284
13284 13283
13283 13282
13282 13281
13281 13280
13280 13279
13279 13278
13278 13277
13277 13276
13276 13275
13275 13274
13274 13273
13273 13272
13272 13271
13271 13270
13270 13269
13269 13268
13268 13267
13267 13266
13266 13265
13265 13264
13264 13263
13263 13262
13262 13261
13261 13260
13260 13259
13259 13258
13258 13257
13257 13256
13256 13255
13255 13254
13254 13253
13253 13252
13252 13251
13251 13250
13250 13249
13249 13248
13248 13308
13307 13306
13306 13305
13305 13304
13304 13303
13303 13302
13302 13301
13301 13300
13300 13299
13299 13298
13298 13297
13297 13296
13296 13295
13295 13294
13294 13293
13293 13292
13292 13291
13291 13290
13290 13289
13289 13288
13288 13287
13287 13286
13286 13285
13285 13284
13284 13283
13283 13282
13282 13281
13281 13280
13280 13279
13279 13278
13278 13277
13277 13276
13276 13275
13275 13274
13274 13273
13273 13272
13272 13271
13271 13270
13270 13269
13269 13268
13268 13267
13267 13266
13266 13265
13265 13264
13264 13263
13263 13262
13262 13261
13261 13260
13260 13259
13259 13258
13258 13257
13257 13256
13256 13255
13255 13254
13254 13253
13253 13252
13252 13251
13251 13250
13250 13249
13249 13248
13248 13309
13308 13307
13307 13306
13306 13305
13305 13304
13304 13303
13303 13302
13302 13301
13301 13300
13300 13299
13299 13298
13298 13297
13297 13296
13296 13295
13295 13294
13294 13293
13293 13292
13292 13291
13291 13290
13290 13289
13289 13288
13288 13287
13287 13286
13286 13285
13285 13284
13284 13283
13283 13282
13282 13281
13281 13280
13280 13279
13279 13278
13278 13277
13277 13276
13276 13275
13275 13274
13274 13273
13273 13272
13272 13271
13271 13270
13270 13269
13269 13268
13268 13267
13267 13266
13266 13265
13265 13264
13264 13263
13263 13262
13262 13261
13261 13260
13260 13259
13259 13258
13258 13257
13257 13256
13256 13255
13255 13254
13254 13253
13253 13252
13252 13251
13251 13250
13250 13249
13249 13248
13248 13310
13309 13308
13308 13307
13307 13306
13306 13305
13305 13304
13304 13303
13303 13302
13302 13301
13301 13300
13300 13299
13299 13298
13298 13297
13297 13296
13296 13295
13295 13294
13294 13293
13293 13292
13292 13291
13291 13290
13290 13289
13289 13288
13288 13287
13287 13286
13286 13285
13285 13284
13284 13283
13283 13282
13282 13281
13281 13280
13280 13279
13279 13278
13278 13277
13277 13276
13276 13275
13275 13274
13274 13273
13273 13272
13272 13271
13271 13270
13270 13269
13269 13268
13268 13267
13267 13266
13266 13265
13265 13264
13264 13263
13263 13262
13262 13261
13261 13260
13260 13259
13259 13258
13258 13257
13257 13256
13256 13255
13255 13254
13254 13253
13253 13252
13252 13251
13251 13250
13250 13249
13249 13248
13248 13311
13310 13309
13309 13308
13308 13307
13307 13306
13306 13305
13305 13304
13304 13303
13303 13302
13302 13301
13301 13300
13300 13299
13299 13298
13298 13297
13297 13296
13296 13295
13295 13294
13294 13293
13293 13292
13292 13291
13291 13290
13290 13289
13289 13288
13288 13287
13287 13286
13286 13285
13285 13284
13284 13283
13283 13282
13282 13281
13281 13280
13280 13279
13279 13278
13278 13277
13277 13276
13276 13275
13275 13274
13274 13273
13273 13272
13272 13271
13271 13270
13270 13269
13269 13268
13268 13267
13267 13266
13266 13265
13265 13264
13264 13263
13263 13262
13262 13261
13261 13260
13260 13259
13259 13258
13258 13257
13257 13256
13256 13255
13255 13254
13254 13253
13253 13252
13252 13251
13251 13250
13250 13249
13249 13248
13248 13312
13311 13310
13310 13309
13309 13308
13308 13307
13307 13306
13306 13305
13305 13304
13304 13303
13303 13302
13302 13301
13301 13300
13300 13299
13299 13298
13298 13297
13297 13296
13296 13295
13295 13294
13294 13293
13293 13292
13292 13291
13291 13290
13290 13289
13289 13288
13288 13287
13287 13286
13286 13285
13285 13284
13284 13283
13283 13282
13282 13281
13281 13280
13280 13279
13279 13278
13278 13277
13277 13276
13276 13275
13275 13274
13274 13273
13273 13272
13272 13271
13271 13270
13270 13269
13269 13268
13268 13267
13267 13266
13266 13265
13265 13264
13264 13263
13263 13262
13262 13261
13261 13260
13260 13259
13259 13258
13258 13257
13257 13256
13256 13255
13255 13254
13254 13253
13253 13252
13252 13251
13251 13250
13250 13249
13249 13248
13248 13313
13312 13311
13311 13310
13310 13309
13309 13308
13308 13307
13307 13306
13306 13305
13305 13304
13304 13303
13303 13302
13302 13301
13301 13300
13300 13299
13299 13298
13298 13297
13297 13296
13296 13295
13295 13294
13294 13293
13293 13292
13292 13291
13291 13290
13290 13289
13289 13288
13288 13287
13287 13286
13286 13285
13285 13284
13284 13283
13283 13282
13282 13281
13281 13280
13280 13279
13279 13278
13278 13277
13277 13276
13276 13275
13275 13274
13274 13273
13273 13272
13272 13271
13271 13270
13270 13269
13269 13268
13268 13267
13267 13266
13266 13265
13265 13264
13264 13263
13263 13262
13262 13261
13261 13260
13260 13259
13259 13258
13258 13257
13257 13256
13256 13255
13255 13254
13254 13253
13253 13252
13252 13251
13251 13250
13250 13249
13249 13248
13248 13314
13313 13312
13312 13311
13311 13310
13310 13309
13309 13308
13308 13307
13307 13306
13306 13305
13305 13304
13304 13303
13303 13302
13302 13301
13301 13300
13300 13299
13299 13298
13298 13297
13297 13296
13296 13295
13295 13294
13294 13293
13293 13292
13292 13291
13291 13290
13290 13289
13289 13288
13288 13287
13287 13286
13286 13285
13285 13284
13284 13283
13283 13282
13282 13281
13281 13280
13280 13279
13279 13278
13278 13277
13277 13276
13276 13275
13275 13274
13274 13273
13273 13272
13272 13271
13271 13270
13270 13269
13269 13268
13268 13267
13267 13266
13266 13265
13265 13264
13264 13263
13263 13262
13262 13261
13261 13260
13260 13259
13259 13258
13258 13257
13257 13256
13256 13255
13255 13254
13254 13253
13253 13252
13252 13251
13251 13250
13250 13249
13249 13248
13248 13315
13314 13313
13313 13312
13312 13311
13311 13310
13310 13309
13309 13308
13308 13307
13307 13306
13306 13305
13305 13304
13304 13303
13303 13302
13302 13301
13301 13300
13300 13299
13299 13298
13298 13297
13297 13296
13296 13295
13295 13294
13294 13293
13293 13292
13292 13291
13291 13290
13290 13289
13289 13288
13288 13287
13287 13286
13286 13285
13285 13284
13284 13283
13283 13282
13282 13281
13281 13280
13280 13279
13279 13278
13278 13277
13277 13276
13276 13275
13275 13274
13274 13273
13273 13272
13272 13271
13271 13270
13270 13269
13269 13268
13268 13267
13267 13266
13266 13265
13265 13264
13264 13263
13263 13262
13262 13261
13261 13260
13260 13259
13259 13258
13258 13257
13257 13256
13256 13255
13255 13254
13254 13253
13253 13252
13252 13251
13251 13250
13250 13249
13249 13248
13248 13316
13315 13314
13314 13313
13313 13312
13312 13311
13311 13310
13310 13309
13309 13308
13308 13307
13307 13306
13306 13305
13305 13304
13304 13303
13303 13302
13302 13301
13301 13300
13300 13299
13299 13298
13298 13297
13297 13296
13296 13295
13295 13294
13294 13293
13293 13292
13292 13291
13291 13290
13290 13289
13289 13288
13288 13287
13287 13286
13286 13285
13285 13284
13284 13283
13283 13282
13282 13281
13281 13280
13280 13279
13279 13278
13278 13277
13277 13276
13276 13275
13275 13274
13274 13273
13273 13272
13272 13271
13271 13270
13270 13269
13269 13268
13268 13267
13267 13266
13266 13265
13265 13264
13264 13263
13263 13262
13262 13261
13261 13260
13260 13259
13259 13258
13258 13257
13257 13256
13256 13255
13255 13254
13254 13253
13253 13252
13252 13251
13251 13250
13250 13249
13249 13248
13248 13317
13316 13315
13315 13314
13314 13313
13313 13312
13312 13311
13311 13310
13310 13309
13309 13308
13308 13307
13307 13306
13306 13305
13305 13304
13304 13303
13303 13302
13302 13301
13301 13300
13300 13299
13299 13298
13298 13297
13297 13296
13296 13295
13295 13294
13294 13293
13293 13292
13292 13291
13291 13290
13290 13289
13289 13288
13288 13287
13287 13286
13286 13285
13285 13284
13284 13283
13283 13282
13282 13281
13281 13280
13280 13279
13279 13278
13278 13277
13277 13276
13276 13275
13275 13274
13274 13273
13273 13272
13272 13271
13271 13270
13270 13269
13269 13268
13268 13267
13267 13266
13266 13265
13265 13264
13264 13263
13263 13262
13262 13261
13261 13260
13260 13259
13259 13258
13258 13257
13257 13256
13256 13255
13255 13254
13254 13253
13253 13252
13252 13251
13251 13250
13250 13249
13249 13248
13248 13318
13317 13316
13316 13315
13315 13314
13314 13313
13313 13312
13312 13311
13311 13310
13310 13309
13309 13308
13308 13307
13307 13306
13306 13305
13305 13304
13304 13303
13303 13302
13302 13301
13301 13300
13300 13299
13299 13298
13298 13297
13297 13296
13296 13295
13295 13294
13294 13293
13293 13292
13292 13291
13291 13290
13290 13289
13289 13288
13288 13287
13287 13286
13286 13285
13285 13284
13284 13283
13283 13282
13282 13281
13281 13280
13280 13279
13279 13278
13278 13277
13277 13276
13276 13275
13275 13274
13274 13273
13273 13272
13272 13271
13271 13270
13270 13269
13269 13268
13268 13267
13267 13266
13266 13265
13265 13264
13264 13263
13263 13262
13262 13261
13261 13260
13260 13259
13259 13258
13258 13257
13257 13256
13256 13255
13255 13254
13254 13253
13253 13252
13252 13251
13251 13250
13250 13249
13249 13248
13248 13319
13318 13317
13317 13316
13316 13315
13315 13314
13314 13313
13313 13312
13312 13311
13311 13310
13310 13309
13309 13308
13308 13307
13307 13306
13306 13305
13305 13304
13304 13303
13303 13302
13302 13301
13301 13300
13300 13299
13299 13298
13298 13297
13297 13296
13296 13295
13295 13294
13294 13293
13293 13292
13292 13291
13291 13290
13290 13289
13289 13288
13288 13287
13287 13286
13286 13285
13285 13284
13284 13283
13283 13282
13282 13281
13281 13280
13280 13279
13279 13278
13278 13277
13277 13276
13276 13275
13275 13274
13274 13273
13273 13272
13272 13271
13271 13270
13270 13269
13269 13268
13268 13267
13267 13266
13266 13265
13265 13264
13264 13263
13263 13262
13262 13261
13261 13260
13260 13259
13259 13258
13258 13257
13257 13256
13256 13255
13255 13254
13254 13253
13253 13252
13252 13251
13251 13250
13250 13249
13249 13248
13248 13320
13319 13318
13318 13317
13317 13316
13316 13315
13315 13314
13314 13313
13313 13312
13312 13311
13311 13310
13310 13309
13309 13308
13308 13307
13307 13306
13306 13305
13305 13304
13304 13303
13303 13302
13302 13301
13301 13300
13300 13299
13299 13298
13298 13297
13297 13296
13296 13295
13295 13294
13294 13293
13293 13292
13292 13291
13291 13290
13290 13289
13289 13288
13288 13287
13287 13286
13286 13285
13285 13284
13284 13283
13283 13282
13282 13281
13281 13280
13280 13279
13279 13278
13278 13277
13277 13276
13276 13275
13275 13274
13274 13273
13273 13272
13272 13271
13271 13270
13270 13269
13269 13268
13268 13267
13267 13266
13266 13265
13265 13264
13264 13263
13263 13262
13262 13261
13261 13260
13260 13259
13259 13258
13258 13257
13257 13256
13256 13255
13255 13254
13254 13253
13253 13252
13252 13251
13251 13250
13250 13249
13249 13248
13248 13321
13320 13319
13319 13318
13318 13317
13317 13316
13316 13315
13315 13314
13314 13313
13313 13312
13312 13311
13311 13310
13310 13309
13309 13308
13308 13307
13307 13306
13306 13305
13305 13304
13304 13303
13303 13302
13302 13301
13301 13300
13300 13299
13299 13298
13298 13297
13297 13296
13296 13295
13295 13294
13294 13293
13293 13292
13292 13291
13291 13290
13290 13289
13289 13288
13288 13287
13287 13286
13286 13285
13285 13284
13284 13283
13283 13282
13282 13281
13281 13280
13280 13279
13279 13278
13278 13277
13277 13276
13276 13275
13275 13274
13274 13273
13273 13272
13272 13271
13271 13270
13270 13269
13269 13268
13268 13267
13267 13266
13266 13265
13265 13264
13264 13263
13263 13262
13262 13261
13261 13260
13260 13259
13259 13258
13258 13257
13257 13256
13256 13255
13255 13254
13254 13253
13253 13252
13252 13251
13251 13250
13250 13249
13249 13248
13248 13322
13321 13320
13320 13319
13319 13318
13318 13317
13317 13316
13316 13315
13315 13314
13314 13313
13313 13312
13312 13311
13311 13310
13310 13309
13309 13308
13308 13307
13307 13306
13306 13305
13305 13304
13304 13303
13303 13302
13302 13301
13301 13300
13300 13299
13299 13298
13298 13297
13297 13296
13296 13295
13295 13294
13294 13293
13293 13292
13292 13291
13291 13290
13290 13289
13289 13288
13288 13287
13287 13286
13286 13285
13285 13284
13284 13283
13283 13282
13282 13281
13281 13280
13280 13279
13279 13278
13278 13277
13277 13276
13276 13275
13275 13274
13274 13273
13273 13272
13272 13271
13271 13270
13270 13269
13269 13268
13268 13267
13267 13266
13266 13265
13265 13264
13264 13263
13263 13262
13262 13261
13261 13260
13260 13259
13259 13258
13258 13257
13257 13256
13256 13255
13255 13254
13254 13253
13253 13252
13252 13251
13251 13250
13250 13249
13249 13248
13248 13323
13322 13321
13321 13320
13320 13319
13319 13318
13318 13317
13317 13316
13316 13315
13315 13314
13314 13313
13313 13312
13312 13311
13311 13310
13310 13309
13309 13308
13308 13307
13307 13306
13306 13305
13305 13304
13304 13303
13303 13302
13302 13301
13301 13300
13300 13299
13299 13298
13298 13297
13297 13296
13296 13295
13295 13294
13294 13293
13293 13292
13292 13291
13291 13290
13290 13289
13289 13288
13288 13287
13287 13286
13286 13285
13285 13284
13284 13283
13283 13282
13282 13281
13281 13280
13280 13279
13279 13278
13278 13277
13277 13276
13276 13275
13275 13274
13274 13273
13273 13272
13272 13271
13271 13270
13270 13269
13269 13268
13268 13267
13267 13266
13266 13265
13265 13264
13264 13263
13263 13262
13262 13261
13261 13260
13260 13259
13259 13258
13258 13257
13257 13256
13256 13255
13255 13254
13254 13253
13253 13252
13252 13251
13251 13250
13250 13249
13249 13248
13248 13324
13323 13322
13322 13321
13321 13320
13320 13319
13319 13318
13318 13317
13317 13316
13316 13315
13315 13314
13314 13313
13313 13312
13312 13311
13311 13310
13310 13309
13309 13308
13308 13307
13307 13306
13306 13305
13305 13304
13304 13303
13303 13302
13302 13301
13301 13300
13300 13299
13299 13298
13298 13297
13297 13296
13296 13295
13295 13294
13294 13293
13293 13292
13292 13291
13291 13290
13290 13289
13289 13288
13288 13287
13287 13286
13286 13285
13285 13284
13284 13283
13283 13282
13282 13281
13281 13280
13280 13279
13279 13278
13278 13277
13277 13276
13276 13275
13275 13274
13274 13273
13273 13272
13272 13271
13271 13270
13270 13269
13269 13268
13268 13267
13267 13266
13266 13265
13265 13264
13264 13263
13263 13262
13262 13261
13261 13260
13260 13259
13259 13258
13258 13257
13257 13256
13256 13255
13255 13254
13254 13253
13253 13252
13252 13251
13251 13250
13250 13249
13249 13248
13248 13325
13324 13323
13323 13322
13322 13321
13321 13320
13320 13319
13319 13318
13318 13317
13317 13316
13316 13315
13315 13314
13314 13313
13313 13312
13312 13311
13311 13310
13310 13309
13309 13308
13308 13307
13307 13306
13306 13305
13305 13304
13304 13303
13303 13302
13302 13301
13301 13300
13300 13299
13299 13298
13298 13297
13297 13296
13296 13295
13295 13294
13294 13293
13293 13292
13292 13291
13291 13290
13290 13289
13289 13288
13288 13287
13287 13286
13286 13285
13285 13284
13284 13283
13283 13282
13282 13281
13281 13280
13280 13279
13279 13278
13278 13277
13277 13276
13276 13275
13275 13274
13274 13273
13273 13272
13272 13271
13271 13270
13270 13269
13269 13268
13268 13267
13267 13266
13266 13265
13265 13264
13264 13263
13263 13262
13262 13261
13261 13260
13260 13259
13259 13258
13258 13257
13257 13256
13256 13255
13255 13254
13254 13253
13253 13252
13252 13251
13251 13250
13250 13249
13249 13248
13248 13326
13325 13324
13324 13323
13323 13322
13322 13321
13321 13320
13320 13319
13319 13318
13318 13317
13317 13316
13316 13315
13315 13314
13314 13313
13313 13312
13312 13311
13311 13310
13310 13309
13309 13308
13308 13307
13307 13306
13306 13305
13305 13304
13304 13303
13303 13302
13302 13301
13301 13300
13300 13299
13299 13298
13298 13297
13297 13296
13296 13295
13295 13294
13294 13293
13293 13292
13292 13291
13291 13290
13290 13289
13289 13288
13288 13287
13287 13286
13286 13285
13285 13284
13284 13283
13283 13282
13282 13281
13281 13280
13280 13279
13279 13278
13278 13277
13277 13276
13276 13275
13275 13274
13274 13273
13273 13272
13272 13271
13271 13270
13270 13269
13269 13268
13268 13267
13267 13266
13266 13265
13265 13264
13264 13263
13263 13262
13262 13261
13261 13260
13260 13259
13259 13258
13258 13257
13257 13256
13256 13255
13255 13254
13254 13253
13253 13252
13252 13251
13251 13250
13250 13249
13249 13248
13248 13327
13326 13325
13325 13324
13324 13323
13323 13322
13322 13321
13321 13320
13320 13319
13319 13318
13318 13317
13317 13316
13316 13315
13315 13314
13314 13313
13313 13312
13312 13311
13311 13310
13310 13309
13309 13308
13308 13307
13307 13306
13306 13305
13305 13304
13304 13303
13303 13302
13302 13301
13301 13300
13300 13299
13299 13298
13298 13297
13297 13296
13296 13295
13295 13294
13294 13293
13293 13292
13292 13291
13291 13290
13290 13289
13289 13288
13288 13287
13287 13286
13286 13285
13285 13284
13284 13283
13283 13282
13282 13281
13281 13280
13280 13279
13279 13278
13278 13277
13277 13276
13276 13275
13275 13274
13274 13273
13273 13272
13272 13271
13271 13270
13270 13269
13269 13268
13268 13267
13267 13266
13266 13265
13265 13264
13264 13263
13263 13262
13262 13261
13261 13260
13260 13259
13259 13258
13258 13257
13257 13256
13256 13255
13255 13254
13254 13253
13253 13252
13252 13251
13251 13250
13250 13249
13249 13248
13248 13328
13327 13326
13326 13325
13325 13324
13324 13323
13323 13322
13322 13321
13321 13320
13320 13319
13319 13318
13318 13317
13317 13316
13316 13315
13315 13314
13314 13313
13313 13312
13312 13311
13311 13310
13310 13309
13309 13308
13308 13307
13307 13306
13306 13305
13305 13304
13304 13303
13303 13302
13302 13301
13301 13300
13300 13299
13299 13298
13298 13297
13297 13296
13296 13295
13295 13294
13294 13293
13293 13292
13292 13291
13291 13290
13290 13289
13289 13288
13288 13287
13287 13286
13286 13285
13285 13284
13284 13283
13283 13282
13282 13281
13281 13280
13280 13279
13279 13278
13278 13277
13277 13276
13276 13275
13275 13274
13274 13273
13273 13272
13272 13271
13271 13270
13270 13269
13269 13268
13268 13267
13267 13266
13266 13265
13265 13264
13264 13263
13263 13262
13262 13261
13261 13260
13260 13259
13259 13258
13258 13257
13257 13256
13256 13255
13255 13254
13254 13253
13253 13252
13252 13251
13251 13250
13250 13249
13249 13248
13248 13329
13328 13327
13327 13326
13326 13325
13325 13324
13324 13323
13323 13322
13322 13321
13321 13320
13320 13319
13319 13318
13318 13317
13317 13316
13316 13315
13315 13314
13314 13313
13313 13312
13312 13311
13311 13310
13310 13309
13309 13308
13308 13307
13307 13306
13306 13305
13305 13304
13304 13303
13303 13302
13302 13301
13301 13300
13300 13299
13299 13298
13298 13297
13297 13296
13296 13295
13295 13294
13294 13293
13293 13292
13292 13291
13291 13290
13290 13289
13289 13288
13288 13287
13287 13286
13286 13285
13285 13284
13284 13283
13283 13282
13282 13281
13281 13280
13280 13279
13279 13278
13278 13277
13277 13276
13276 13275
13275 13274
13274 13273
13273 13272
13272 13271
13271 13270
13270 13269
13269 13268
13268 13267
13267 13266
13266 13265
13265 13264
13264 13263
13263 13262
13262 13261
13261 13260
13260 13259
13259 13258
13258 13257
13257 13256
13256 13255
13255 13254
13254 13253
13253 13252
13252 13251
13251 13250
13250 13249
13249 13248
13248 13330
13329 13328
13328 13327
13327 13326
13326 13325
13325 13324
13324 13323
13323 13322
13322 13321
13321 13320
13320 13319
13319 13318
13318 13317
13317 13316
13316 13315
13315 13314
13314 13313
13313 13312
13312 13311
13311 13310
13310 13309
13309 13308
13308 13307
13307 13306
13306 13305
13305 13304
13304 13303
13303 13302
13302 13301
13301 13300
13300 13299
13299 13298
13298 13297
13297 13296
13296 13295
13295 13294
13294 13293
13293 13292
13292 13291
13291 13290
13290 13289
13289 13288
13288 13287
13287 13286
13286 13285
13285 13284
13284 13283
13283 13282
13282 13281
13281 13280
13280 13279
13279 13278
13278 13277
13277 13276
13276 13275
13275 13274
13274 13273
13273 13272
13272 13271
13271 13270
13270 13269
13269 13268
13268 13267
13267 13266
13266 13265
13265 13264
13264 13263
13263 13262
13262 13261
13261 13260
13260 13259
13259 13258
13258 13257
13257 13256
13256 13255
13255 13254
13254 13253
13253 13252
13252 13251
13251 13250
13250 13249
13249 13248
13248 13331
13330 13329
13329 13328
13328 13327
13327 13326
13326 13325
13325 13324
13324 13323
13323 13322
13322 13321
13321 13320
13320 13319
13319 13318
13318 13317
13317 13316
13316 13315
13315 13314
13314 13313
13313 13312
13312 13311
13311 13310
13310 13309
13309 13308
13308 13307
13307 13306
13306 13305
13305 13304
13304 13303
13303 13302
13302 13301
13301 13300
13300 13299
13299 13298
13298 13297
13297 13296
13296 13295
13295 13294
13294 13293
13293 13292
13292 13291
13291 13290
13290 13289
13289 13288
13288 13287
13287 13286
13286 13285
13285 13284
13284 13283
13283 13282
13282 13281
13281 13280
13280 13279
13279 13278
13278 13277
13277 13276
13276 13275
13275 13274
13274 13273
13273 13272
13272 13271
13271 13270
13270 13269
13269 13268
13268 13267
13267 13266
13266 13265
13265 13264
13264 13263
13263 13262
13262 13261
13261 13260
13260 13259
13259 13258
13258 13257
13257 13256
13256 13255
13255 13254
13254 13253
13253 13252
13252 13251
13251 13250
13250 13249
13249 13248
13248 13332
13331 13330
13330 13329
13329 13328
13328 13327
13327 13326
13326 13325
13325 13324
13324 13323
13323 13322
13322 13321
13321 13320
13320 13319
13319 13318
13318 13317
13317 13316
13316 13315
13315 13314
13314 13313
13313 13312
13312 13311
13311 13310
13310 13309
13309 13308
13308 13307
13307 13306
13306 13305
13305 13304
13304 13303
13303 13302
13302 13301
13301 13300
13300 13299
13299 13298
13298 13297
13297 13296
13296 13295
13295 13294
13294 13293
13293 13292
13292 13291
13291 13290
13290 13289
13289 13288
13288 13287
13287 13286
13286 13285
13285 13284
13284 13283
13283 13282
13282 13281
13281 13280
13280 13279
13279 13278
13278 13277
13277 13276
13276 13275
13275 13274
13274 13273
13273 13272
13272 13271
13271 13270
13270 13269
13269 13268
13268 13267
13267 13266
13266 13265
13265 13264
13264 13263
13263 13262
13262 13261
13261 13260
13260 13259
13259 13258
13258 13257
13257 13256
13256 13255
13255 13254
13254 13253
13253 13252
13252 13251
13251 13250
13250 13249
13249 13248
