4658
3878 8692
941 8692
4347 4348
4347 4349
4348 4347
4347 4350
4349 4348
4348 4347
4347 4351
4350 4349
4349 4348
4348 4347
4347 4352
4351 4350
4350 4349
4349 4348
4348 4347
4347 4353
4352 4351
4351 4350
4350 4349
4349 4348
4348 4347
4347 4354
4353 4352
4352 4351
4351 4350
4350 4349
4349 4348
4348 4347
4347 4355
4354 4353
4353 4352
4352 4351
4351 4350
4350 4349
4349 4348
4348 4347
4347 4356
4355 4354
4354 4353
4353 4352
4352 4351
4351 4350
4350 4349
4349 4348
4348 4347
4347 4357
4356 4355
4355 4354
4354 4353
4353 4352
4352 4351
4351 4350
4350 4349
4349 4348
4348 4347
4347 4358
4357 4356
4356 4355
4355 4354
4354 4353
4353 4352
4352 4351
4351 4350
4350 4349
4349 4348
4348 4347
4347 4359
4358 4357
4357 4356
4356 4355
4355 4354
4354 4353
4353 4352
4352 4351
4351 4350
4350 4349
4349 4348
4348 4347
4347 4360
4359 4358
4358 4357
4357 4356
4356 4355
4355 4354
4354 4353
4353 4352
4352 4351
4351 4350
4350 4349
4349 4348
4348 4347
4347 4361
4360 4359
4359 4358
4358 4357
4357 4356
4356 4355
4355 4354
4354 4353
4353 4352
4352 4351
4351 4350
4350 4349
4349 4348
4348 4347
4347 4362
4361 4360
4360 4359
4359 4358
4358 4357
4357 4356
4356 4355
4355 4354
4354 4353
4353 4352
4352 4351
4351 4350
4350 4349
4349 4348
4348 4347
4347 4363
4362 4361
4361 4360
4360 4359
4359 4358
4358 4357
4357 4356
4356 4355
4355 4354
4354 4353
4353 4352
4352 4351
4351 4350
4350 4349
4349 4348
4348 4347
4347 4364
4363 4362
4362 4361
4361 4360
4360 4359
4359 4358
4358 4357
4357 4356
4356 4355
4355 4354
4354 4353
4353 4352
4352 4351
4351 4350
4350 4349
4349 4348
4348 4347
4347 4365
4364 4363
4363 4362
4362 4361
4361 4360
4360 4359
4359 4358
4358 4357
4357 4356
4356 4355
4355 4354
4354 4353
4353 4352
4352 4351
4351 4350
4350 4349
4349 4348
4348 4347
4347 4366
4365 4364
4364 4363
4363 4362
4362 4361
4361 4360
4360 4359
4359 4358
4358 4357
4357 4356
4356 4355
4355 4354
4354 4353
4353 4352
4352 4351
4351 4350
4350 4349
4349 4348
4348 4347
4347 4367
4366 4365
4365 4364
4364 4363
4363 4362
4362 4361
4361 4360
4360 4359
4359 4358
4358 4357
4357 4356
4356 4355
4355 4354
4354 4353
4353 4352
4352 4351
4351 4350
4350 4349
4349 4348
4348 4347
4347 4368
4367 4366
4366 4365
4365 4364
4364 4363
4363 4362
4362 4361
4361 4360
4360 4359
4359 4358
4358 4357
4357 4356
4356 4355
4355 4354
4354 4353
4353 4352
4352 4351
4351 4350
4350 4349
4349 4348
4348 4347
4347 4369
4368 4367
4367 4366
4366 4365
4365 4364
4364 4363
4363 4362
4362 4361
4361 4360
4360 4359
4359 4358
4358 4357
4357 4356
4356 4355
4355 4354
4354 4353
4353 4352
4352 4351
4351 4350
4350 4349
4349 4348
4348 4347
4347 4370
4369 4368
4368 4367
4367 4366
4366 4365
4365 4364
4364 4363
4363 4362
4362 4361
4361 4360
4360 4359
4359 4358
4358 4357
4357 4356
4356 4355
4355 4354
4354 4353
4353 4352
4352 4351
4351 4350
4350 4349
4349 4348
4348 4347
4347 4371
4370 4369
4369 4368
4368 4367
4367 4366
4366 4365
4365 4364
4364 4363
4363 4362
4362 4361
4361 4360
4360 4359
4359 4358
4358 4357
4357 4356
4356 4355
4355 4354
4354 4353
4353 4352
4352 4351
4351 4350
4350 4349
4349 4348
4348 4347
4347 4372
4371 4370
4370 4369
4369 4368
4368 4367
4367 4366
4366 4365
4365 4364
4364 4363
4363 4362
4362 4361
4361 4360
4360 4359
4359 4358
4358 4357
4357 4356
4356 4355
4355 4354
4354 4353
4353 4352
4352 4351
4351 4350
4350 4349
4349 4348
4348 4347
4347 4373
4372 4371
4371 4370
4370 4369
4369 4368
4368 4367
4367 4366
4366 4365
4365 4364
4364 4363
4363 4362
4362 4361
4361 4360
4360 4359
4359 4358
4358 4357
4357 4356
4356 4355
4355 4354
4354 4353
4353 4352
4352 4351
4351 4350
4350 4349
4349 4348
4348 4347
4347 4374
4373 4372
4372 4371
4371 4370
4370 4369
4369 4368
4368 4367
4367 4366
4366 4365
4365 4364
4364 4363
4363 4362
4362 4361
4361 4360
4360 4359
4359 4358
4358 4357
4357 4356
4356 4355
4355 4354
4354 4353
4353 4352
4352 4351
4351 4350
4350 4349
4349 4348
4348 4347
4347 4375
4374 4373
4373 4372
4372 4371
4371 4370
4370 4369
4369 4368
4368 4367
4367 4366
4366 4365
4365 4364
4364 4363
4363 4362
4362 4361
4361 4360
4360 4359
4359 4358
4358 4357
4357 4356
4356 4355
4355 4354
4354 4353
4353 4352
4352 4351
4351 4350
4350 4349
4349 4348
4348 4347
4347 4376
4375 4374
4374 4373
4373 4372
4372 4371
4371 4370
4370 4369
4369 4368
4368 4367
4367 4366
4366 4365
4365 4364
4364 4363
4363 4362
4362 4361
4361 4360
4360 4359
4359 4358
4358 4357
4357 4356
4356 4355
4355 4354
4354 4353
4353 4352
4352 4351
4351 4350
4350 4349
4349 4348
4348 4347
4347 4377
4376 4375
4375 4374
4374 4373
4373 4372
4372 4371
4371 4370
4370 4369
4369 4368
4368 4367
4367 4366
4366 4365
4365 4364
4364 4363
4363 4362
4362 4361
4361 4360
4360 4359
4359 4358
4358 4357
4357 4356
4356 4355
4355 4354
4354 4353
4353 4352
4352 4351
4351 4350
4350 4349
4349 4348
4348 4347
4347 4378
4377 4376
4376 4375
4375 4374
4374 4373
4373 4372
4372 4371
4371 4370
4370 4369
4369 4368
4368 4367
4367 4366
4366 4365
4365 4364
4364 4363
4363 4362
4362 4361
4361 4360
4360 4359
4359 4358
4358 4357
4357 4356
4356 4355
4355 4354
4354 4353
4353 4352
4352 4351
4351 4350
4350 4349
4349 4348
4348 4347
4347 4379
4378 4377
4377 4376
4376 4375
4375 4374
4374 4373
4373 4372
4372 4371
4371 4370
4370 4369
4369 4368
4368 4367
4367 4366
4366 4365
4365 4364
4364 4363
4363 4362
4362 4361
4361 4360
4360 4359
4359 4358
4358 4357
4357 4356
4356 4355
4355 4354
4354 4353
4353 4352
4352 4351
4351 4350
4350 4349
4349 4348
4348 4347
4347 4380
4379 4378
4378 4377
4377 4376
4376 4375
4375 4374
4374 4373
4373 4372
4372 4371
4371 4370
4370 4369
4369 4368
4368 4367
4367 4366
4366 4365
4365 4364
4364 4363
4363 4362
4362 4361
4361 4360
4360 4359
4359 4358
4358 4357
4357 4356
4356 4355
4355 4354
4354 4353
4353 4352
4352 4351
4351 4350
4350 4349
4349 4348
4348 4347
4347 4381
4380 4379
4379 4378
4378 4377
4377 4376
4376 4375
4375 4374
4374 4373
4373 4372
4372 4371
4371 4370
4370 4369
4369 4368
4368 4367
4367 4366
4366 4365
4365 4364
4364 4363
4363 4362
4362 4361
4361 4360
4360 4359
4359 4358
4358 4357
4357 4356
4356 4355
4355 4354
4354 4353
4353 4352
4352 4351
4351 4350
4350 4349
4349 4348
4348 4347
4347 4382
4381 4380
4380 4379
4379 4378
4378 4377
4377 4376
4376 4375
4375 4374
4374 4373
4373 4372
4372 4371
4371 4370
4370 4369
4369 4368
4368 4367
4367 4366
4366 4365
4365 4364
4364 4363
4363 4362
4362 4361
4361 4360
4360 4359
4359 4358
4358 4357
4357 4356
4356 4355
4355 4354
4354 4353
4353 4352
4352 4351
4351 4350
4350 4349
4349 4348
4348 4347
4347 4383
4382 4381
4381 4380
4380 4379
4379 4378
4378 4377
4377 4376
4376 4375
4375 4374
4374 4373
4373 4372
4372 4371
4371 4370
4370 4369
4369 4368
4368 4367
4367 4366
4366 4365
4365 4364
4364 4363
4363 4362
4362 4361
4361 4360
4360 4359
4359 4358
4358 4357
4357 4356
4356 4355
4355 4354
4354 4353
4353 4352
4352 4351
4351 4350
4350 4349
4349 4348
4348 4347
4347 4384
4383 4382
4382 4381
4381 4380
4380 4379
4379 4378
4378 4377
4377 4376
4376 4375
4375 4374
4374 4373
4373 4372
4372 4371
4371 4370
4370 4369
4369 4368
4368 4367
4367 4366
4366 4365
4365 4364
4364 4363
4363 4362
4362 4361
4361 4360
4360 4359
4359 4358
4358 4357
4357 4356
4356 4355
4355 4354
4354 4353
4353 4352
4352 4351
4351 4350
4350 4349
4349 4348
4348 4347
4347 4385
4384 4383
4383 4382
4382 4381
4381 4380
4380 4379
4379 4378
4378 4377
4377 4376
4376 4375
4375 4374
4374 4373
4373 4372
4372 4371
4371 4370
4370 4369
4369 4368
4368 4367
4367 4366
4366 4365
4365 4364
4364 4363
4363 4362
4362 4361
4361 4360
4360 4359
4359 4358
4358 4357
4357 4356
4356 4355
4355 4354
4354 4353
4353 4352
4352 4351
4351 4350
4350 4349
4349 4348
4348 4347
4347 4386
4385 4384
4384 4383
4383 4382
4382 4381
4381 4380
4380 4379
4379 4378
4378 4377
4377 4376
4376 4375
4375 4374
4374 4373
4373 4372
4372 4371
4371 4370
4370 4369
4369 4368
4368 4367
4367 4366
4366 4365
4365 4364
4364 4363
4363 4362
4362 4361
4361 4360
4360 4359
4359 4358
4358 4357
4357 4356
4356 4355
4355 4354
4354 4353
4353 4352
4352 4351
4351 4350
4350 4349
4349 4348
4348 4347
4347 4387
4386 4385
4385 4384
4384 4383
4383 4382
4382 4381
4381 4380
4380 4379
4379 4378
4378 4377
4377 4376
4376 4375
4375 4374
4374 4373
4373 4372
4372 4371
4371 4370
4370 4369
4369 4368
4368 4367
4367 4366
4366 4365
4365 4364
4364 4363
4363 4362
4362 4361
4361 4360
4360 4359
4359 4358
4358 4357
4357 4356
4356 4355
4355 4354
4354 4353
4353 4352
4352 4351
4351 4350
4350 4349
4349 4348
4348 4347
4347 4388
4387 4386
4386 4385
4385 4384
4384 4383
4383 4382
4382 4381
4381 4380
4380 4379
4379 4378
4378 4377
4377 4376
4376 4375
4375 4374
4374 4373
4373 4372
4372 4371
4371 4370
4370 4369
4369 4368
4368 4367
4367 4366
4366 4365
4365 4364
4364 4363
4363 4362
4362 4361
4361 4360
4360 4359
4359 4358
4358 4357
4357 4356
4356 4355
4355 4354
4354 4353
4353 4352
4352 4351
4351 4350
4350 4349
4349 4348
4348 4347
4347 4389
4388 4387
4387 4386
4386 4385
4385 4384
4384 4383
4383 4382
4382 4381
4381 4380
4380 4379
4379 4378
4378 4377
4377 4376
4376 4375
4375 4374
4374 4373
4373 4372
4372 4371
4371 4370
4370 4369
4369 4368
4368 4367
4367 4366
4366 4365
4365 4364
4364 4363
4363 4362
4362 4361
4361 4360
4360 4359
4359 4358
4358 4357
4357 4356
4356 4355
4355 4354
4354 4353
4353 4352
4352 4351
4351 4350
4350 4349
4349 4348
4348 4347
4347 4390
4389 4388
4388 4387
4387 4386
4386 4385
4385 4384
4384 4383
4383 4382
4382 4381
4381 4380
4380 4379
4379 4378
4378 4377
4377 4376
4376 4375
4375 4374
4374 4373
4373 4372
4372 4371
4371 4370
4370 4369
4369 4368
4368 4367
4367 4366
4366 4365
4365 4364
4364 4363
4363 4362
4362 4361
4361 4360
4360 4359
4359 4358
4358 4357
4357 4356
4356 4355
4355 4354
4354 4353
4353 4352
4352 4351
4351 4350
4350 4349
4349 4348
4348 4347
4347 4391
4390 4389
4389 4388
4388 4387
4387 4386
4386 4385
4385 4384
4384 4383
4383 4382
4382 4381
4381 4380
4380 4379
4379 4378
4378 4377
4377 4376
4376 4375
4375 4374
4374 4373
4373 4372
4372 4371
4371 4370
4370 4369
4369 4368
4368 4367
4367 4366
4366 4365
4365 4364
4364 4363
4363 4362
4362 4361
4361 4360
4360 4359
4359 4358
4358 4357
4357 4356
4356 4355
4355 4354
4354 4353
4353 4352
4352 4351
4351 4350
4350 4349
4349 4348
4348 4347
4347 4392
4391 4390
4390 4389
4389 4388
4388 4387
4387 4386
4386 4385
4385 4384
4384 4383
4383 4382
4382 4381
4381 4380
4380 4379
4379 4378
4378 4377
4377 4376
4376 4375
4375 4374
4374 4373
4373 4372
4372 4371
4371 4370
4370 4369
4369 4368
4368 4367
4367 4366
4366 4365
4365 4364
4364 4363
4363 4362
4362 4361
4361 4360
4360 4359
4359 4358
4358 4357
4357 4356
4356 4355
4355 4354
4354 4353
4353 4352
4352 4351
4351 4350
4350 4349
4349 4348
4348 4347
4347 4393
4392 4391
4391 4390
4390 4389
4389 4388
4388 4387
4387 4386
4386 4385
4385 4384
4384 4383
4383 4382
4382 4381
4381 4380
4380 4379
4379 4378
4378 4377
4377 4376
4376 4375
4375 4374
4374 4373
4373 4372
4372 4371
4371 4370
4370 4369
4369 4368
4368 4367
4367 4366
4366 4365
4365 4364
4364 4363
4363 4362
4362 4361
4361 4360
4360 4359
4359 4358
4358 4357
4357 4356
4356 4355
4355 4354
4354 4353
4353 4352
4352 4351
4351 4350
4350 4349
4349 4348
4348 4347
4347 4394
4393 4392
4392 4391
4391 4390
4390 4389
4389 4388
4388 4387
4387 4386
4386 4385
4385 4384
4384 4383
4383 4382
4382 4381
4381 4380
4380 4379
4379 4378
4378 4377
4377 4376
4376 4375
4375 4374
4374 4373
4373 4372
4372 4371
4371 4370
4370 4369
4369 4368
4368 4367
4367 4366
4366 4365
4365 4364
4364 4363
4363 4362
4362 4361
4361 4360
4360 4359
4359 4358
4358 4357
4357 4356
4356 4355
4355 4354
4354 4353
4353 4352
4352 4351
4351 4350
4350 4349
4349 4348
4348 4347
4347 4395
4394 4393
4393 4392
4392 4391
4391 4390
4390 4389
4389 4388
4388 4387
4387 4386
4386 4385
4385 4384
4384 4383
4383 4382
4382 4381
4381 4380
4380 4379
4379 4378
4378 4377
4377 4376
4376 4375
4375 4374
4374 4373
4373 4372
4372 4371
4371 4370
4370 4369
4369 4368
4368 4367
4367 4366
4366 4365
4365 4364
4364 4363
4363 4362
4362 4361
4361 4360
4360 4359
4359 4358
4358 4357
4357 4356
4356 4355
4355 4354
4354 4353
4353 4352
4352 4351
4351 4350
4350 4349
4349 4348
4348 4347
4347 4396
4395 4394
4394 4393
4393 4392
4392 4391
4391 4390
4390 4389
4389 4388
4388 4387
4387 4386
4386 4385
4385 4384
4384 4383
4383 4382
4382 4381
4381 4380
4380 4379
4379 4378
4378 4377
4377 4376
4376 4375
4375 4374
4374 4373
4373 4372
4372 4371
4371 4370
4370 4369
4369 4368
4368 4367
4367 4366
4366 4365
4365 4364
4364 4363
4363 4362
4362 4361
4361 4360
4360 4359
4359 4358
4358 4357
4357 4356
4356 4355
4355 4354
4354 4353
4353 4352
4352 4351
4351 4350
4350 4349
4349 4348
4348 4347
4347 4397
4396 4395
4395 4394
4394 4393
4393 4392
4392 4391
4391 4390
4390 4389
4389 4388
4388 4387
4387 4386
4386 4385
4385 4384
4384 4383
4383 4382
4382 4381
4381 4380
4380 4379
4379 4378
4378 4377
4377 4376
4376 4375
4375 4374
4374 4373
4373 4372
4372 4371
4371 4370
4370 4369
4369 4368
4368 4367
4367 4366
4366 4365
4365 4364
4364 4363
4363 4362
4362 4361
4361 4360
4360 4359
4359 4358
4358 4357
4357 4356
4356 4355
4355 4354
4354 4353
4353 4352
4352 4351
4351 4350
4350 4349
4349 4348
4348 4347
4347 4398
4397 4396
4396 4395
4395 4394
4394 4393
4393 4392
4392 4391
4391 4390
4390 4389
4389 4388
4388 4387
4387 4386
4386 4385
4385 4384
4384 4383
4383 4382
4382 4381
4381 4380
4380 4379
4379 4378
4378 4377
4377 4376
4376 4375
4375 4374
4374 4373
4373 4372
4372 4371
4371 4370
4370 4369
4369 4368
4368 4367
4367 4366
4366 4365
4365 4364
4364 4363
4363 4362
4362 4361
4361 4360
4360 4359
4359 4358
4358 4357
4357 4356
4356 4355
4355 4354
4354 4353
4353 4352
4352 4351
4351 4350
4350 4349
4349 4348
4348 4347
4347 4399
4398 4397
4397 4396
4396 4395
4395 4394
4394 4393
4393 4392
4392 4391
4391 4390
4390 4389
4389 4388
4388 4387
4387 4386
4386 4385
4385 4384
4384 4383
4383 4382
4382 4381
4381 4380
4380 4379
4379 4378
4378 4377
4377 4376
4376 4375
4375 4374
4374 4373
4373 4372
4372 4371
4371 4370
4370 4369
4369 4368
4368 4367
4367 4366
4366 4365
4365 4364
4364 4363
4363 4362
4362 4361
4361 4360
4360 4359
4359 4358
4358 4357
4357 4356
4356 4355
4355 4354
4354 4353
4353 4352
4352 4351
4351 4350
4350 4349
4349 4348
4348 4347
4347 4400
4399 4398
4398 4397
4397 4396
4396 4395
4395 4394
4394 4393
4393 4392
4392 4391
4391 4390
4390 4389
4389 4388
4388 4387
4387 4386
4386 4385
4385 4384
4384 4383
4383 4382
4382 4381
4381 4380
4380 4379
4379 4378
4378 4377
4377 4376
4376 4375
4375 4374
4374 4373
4373 4372
4372 4371
4371 4370
4370 4369
4369 4368
4368 4367
4367 4366
4366 4365
4365 4364
4364 4363
4363 4362
4362 4361
4361 4360
4360 4359
4359 4358
4358 4357
4357 4356
4356 4355
4355 4354
4354 4353
4353 4352
4352 4351
4351 4350
4350 4349
4349 4348
4348 4347
4347 4401
4400 4399
4399 4398
4398 4397
4397 4396
4396 4395
4395 4394
4394 4393
4393 4392
4392 4391
4391 4390
4390 4389
4389 4388
4388 4387
4387 4386
4386 4385
4385 4384
4384 4383
4383 4382
4382 4381
4381 4380
4380 4379
4379 4378
4378 4377
4377 4376
4376 4375
4375 4374
4374 4373
4373 4372
4372 4371
4371 4370
4370 4369
4369 4368
4368 4367
4367 4366
4366 4365
4365 4364
4364 4363
4363 4362
4362 4361
4361 4360
4360 4359
4359 4358
4358 4357
4357 4356
4356 4355
4355 4354
4354 4353
4353 4352
4352 4351
4351 4350
4350 4349
4349 4348
4348 4347
4347 4402
4401 4400
4400 4399
4399 4398
4398 4397
4397 4396
4396 4395
4395 4394
4394 4393
4393 4392
4392 4391
4391 4390
4390 4389
4389 4388
4388 4387
4387 4386
4386 4385
4385 4384
4384 4383
4383 4382
4382 4381
4381 4380
4380 4379
4379 4378
4378 4377
4377 4376
4376 4375
4375 4374
4374 4373
4373 4372
4372 4371
4371 4370
4370 4369
4369 4368
4368 4367
4367 4366
4366 4365
4365 4364
4364 4363
4363 4362
4362 4361
4361 4360
4360 4359
4359 4358
4358 4357
4357 4356
4356 4355
4355 4354
4354 4353
4353 4352
4352 4351
4351 4350
4350 4349
4349 4348
4348 4347
4347 4403
4402 4401
4401 4400
4400 4399
4399 4398
4398 4397
4397 4396
4396 4395
4395 4394
4394 4393
4393 4392
4392 4391
4391 4390
4390 4389
4389 4388
4388 4387
4387 4386
4386 4385
4385 4384
4384 4383
4383 4382
4382 4381
4381 4380
4380 4379
4379 4378
4378 4377
4377 4376
4376 4375
4375 4374
4374 4373
4373 4372
4372 4371
4371 4370
4370 4369
4369 4368
4368 4367
4367 4366
4366 4365
4365 4364
4364 4363
4363 4362
4362 4361
4361 4360
4360 4359
4359 4358
4358 4357
4357 4356
4356 4355
4355 4354
4354 4353
4353 4352
4352 4351
4351 4350
4350 4349
4349 4348
4348 4347
4347 4404
4403 4402
4402 4401
4401 4400
4400 4399
4399 4398
4398 4397
4397 4396
4396 4395
4395 4394
4394 4393
4393 4392
4392 4391
4391 4390
4390 4389
4389 4388
4388 4387
4387 4386
4386 4385
4385 4384
4384 4383
4383 4382
4382 4381
4381 4380
4380 4379
4379 4378
4378 4377
4377 4376
4376 4375
4375 4374
4374 4373
4373 4372
4372 4371
4371 4370
4370 4369
4369 4368
4368 4367
4367 4366
4366 4365
4365 4364
4364 4363
4363 4362
4362 4361
4361 4360
4360 4359
4359 4358
4358 4357
4357 4356
4356 4355
4355 4354
4354 4353
4353 4352
4352 4351
4351 4350
4350 4349
4349 4348
4348 4347
4347 4405
4404 4403
4403 4402
4402 4401
4401 4400
4400 4399
4399 4398
4398 4397
4397 4396
4396 4395
4395 4394
4394 4393
4393 4392
4392 4391
4391 4390
4390 4389
4389 4388
4388 4387
4387 4386
4386 4385
4385 4384
4384 4383
4383 4382
4382 4381
4381 4380
4380 4379
4379 4378
4378 4377
4377 4376
4376 4375
4375 4374
4374 4373
4373 4372
4372 4371
4371 4370
4370 4369
4369 4368
4368 4367
4367 4366
4366 4365
4365 4364
4364 4363
4363 4362
4362 4361
4361 4360
4360 4359
4359 4358
4358 4357
4357 4356
4356 4355
4355 4354
4354 4353
4353 4352
4352 4351
4351 4350
4350 4349
4349 4348
4348 4347
4347 4406
4405 4404
4404 4403
4403 4402
4402 4401
4401 4400
4400 4399
4399 4398
4398 4397
4397 4396
4396 4395
4395 4394
4394 4393
4393 4392
4392 4391
4391 4390
4390 4389
4389 4388
4388 4387
4387 4386
4386 4385
4385 4384
4384 4383
4383 4382
4382 4381
4381 4380
4380 4379
4379 4378
4378 4377
4377 4376
4376 4375
4375 4374
4374 4373
4373 4372
4372 4371
4371 4370
4370 4369
4369 4368
4368 4367
4367 4366
4366 4365
4365 4364
4364 4363
4363 4362
4362 4361
4361 4360
4360 4359
4359 4358
4358 4357
4357 4356
4356 4355
4355 4354
4354 4353
4353 4352
4352 4351
4351 4350
4350 4349
4349 4348
4348 4347
4347 4407
4406 4405
4405 4404
4404 4403
4403 4402
4402 4401
4401 4400
4400 4399
4399 4398
4398 4397
4397 4396
4396 4395
4395 4394
4394 4393
4393 4392
4392 4391
4391 4390
4390 4389
4389 4388
4388 4387
4387 4386
4386 4385
4385 4384
4384 4383
4383 4382
4382 4381
4381 4380
4380 4379
4379 4378
4378 4377
4377 4376
4376 4375
4375 4374
4374 4373
4373 4372
4372 4371
4371 4370
4370 4369
4369 4368
4368 4367
4367 4366
4366 4365
4365 4364
4364 4363
4363 4362
4362 4361
4361 4360
4360 4359
4359 4358
4358 4357
4357 4356
4356 4355
4355 4354
4354 4353
4353 4352
4352 4351
4351 4350
4350 4349
4349 4348
4348 4347
4347 4408
4407 4406
4406 4405
4405 4404
4404 4403
4403 4402
4402 4401
4401 4400
4400 4399
4399 4398
4398 4397
4397 4396
4396 4395
4395 4394
4394 4393
4393 4392
4392 4391
4391 4390
4390 4389
4389 4388
4388 4387
4387 4386
4386 4385
4385 4384
4384 4383
4383 4382
4382 4381
4381 4380
4380 4379
4379 4378
4378 4377
4377 4376
4376 4375
4375 4374
4374 4373
4373 4372
4372 4371
4371 4370
4370 4369
4369 4368
4368 4367
4367 4366
4366 4365
4365 4364
4364 4363
4363 4362
4362 4361
4361 4360
4360 4359
4359 4358
4358 4357
4357 4356
4356 4355
4355 4354
4354 4353
4353 4352
4352 4351
4351 4350
4350 4349
4349 4348
4348 4347
4347 4409
4408 4407
4407 4406
4406 4405
4405 4404
4404 4403
4403 4402
4402 4401
4401 4400
4400 4399
4399 4398
4398 4397
4397 4396
4396 4395
4395 4394
4394 4393
4393 4392
4392 4391
4391 4390
4390 4389
4389 4388
4388 4387
4387 4386
4386 4385
4385 4384
4384 4383
4383 4382
4382 4381
4381 4380
4380 4379
4379 4378
4378 4377
4377 4376
4376 4375
4375 4374
4374 4373
4373 4372
4372 4371
4371 4370
4370 4369
4369 4368
4368 4367
4367 4366
4366 4365
4365 4364
4364 4363
4363 4362
4362 4361
4361 4360
4360 4359
4359 4358
4358 4357
4357 4356
4356 4355
4355 4354
4354 4353
4353 4352
4352 4351
4351 4350
4350 4349
4349 4348
4348 4347
4347 4410
4409 4408
4408 4407
4407 4406
4406 4405
4405 4404
4404 4403
4403 4402
4402 4401
4401 4400
4400 4399
4399 4398
4398 4397
4397 4396
4396 4395
4395 4394
4394 4393
4393 4392
4392 4391
4391 4390
4390 4389
4389 4388
4388 4387
4387 4386
4386 4385
4385 4384
4384 4383
4383 4382
4382 4381
4381 4380
4380 4379
4379 4378
4378 4377
4377 4376
4376 4375
4375 4374
4374 4373
4373 4372
4372 4371
4371 4370
4370 4369
4369 4368
4368 4367
4367 4366
4366 4365
4365 4364
4364 4363
4363 4362
4362 4361
4361 4360
4360 4359
4359 4358
4358 4357
4357 4356
4356 4355
4355 4354
4354 4353
4353 4352
4352 4351
4351 4350
4350 4349
4349 4348
4348 4347
4347 4411
4410 4409
4409 4408
4408 4407
4407 4406
4406 4405
4405 4404
4404 4403
4403 4402
4402 4401
4401 4400
4400 4399
4399 4398
4398 4397
4397 4396
4396 4395
4395 4394
4394 4393
4393 4392
4392 4391
4391 4390
4390 4389
4389 4388
4388 4387
4387 4386
4386 4385
4385 4384
4384 4383
4383 4382
4382 4381
4381 4380
4380 4379
4379 4378
4378 4377
4377 4376
4376 4375
4375 4374
4374 4373
4373 4372
4372 4371
4371 4370
4370 4369
4369 4368
4368 4367
4367 4366
4366 4365
4365 4364
4364 4363
4363 4362
4362 4361
4361 4360
4360 4359
4359 4358
4358 4357
4357 4356
4356 4355
4355 4354
4354 4353
4353 4352
4352 4351
4351 4350
4350 4349
4349 4348
4348 4347
4347 4412
4411 4410
4410 4409
4409 4408
4408 4407
4407 4406
4406 4405
4405 4404
4404 4403
4403 4402
4402 4401
4401 4400
4400 4399
4399 4398
4398 4397
4397 4396
4396 4395
4395 4394
4394 4393
4393 4392
4392 4391
4391 4390
4390 4389
4389 4388
4388 4387
4387 4386
4386 4385
4385 4384
4384 4383
4383 4382
4382 4381
4381 4380
4380 4379
4379 4378
4378 4377
4377 4376
4376 4375
4375 4374
4374 4373
4373 4372
4372 4371
4371 4370
4370 4369
4369 4368
4368 4367
4367 4366
4366 4365
4365 4364
4364 4363
4363 4362
4362 4361
4361 4360
4360 4359
4359 4358
4358 4357
4357 4356
4356 4355
4355 4354
4354 4353
4353 4352
4352 4351
4351 4350
4350 4349
4349 4348
4348 4347
4347 4413
4412 4411
4411 4410
4410 4409
4409 4408
4408 4407
4407 4406
4406 4405
4405 4404
4404 4403
4403 4402
4402 4401
4401 4400
4400 4399
4399 4398
4398 4397
4397 4396
4396 4395
4395 4394
4394 4393
4393 4392
4392 4391
4391 4390
4390 4389
4389 4388
4388 4387
4387 4386
4386 4385
4385 4384
4384 4383
4383 4382
4382 4381
4381 4380
4380 4379
4379 4378
4378 4377
4377 4376
4376 4375
4375 4374
4374 4373
4373 4372
4372 4371
4371 4370
4370 4369
4369 4368
4368 4367
4367 4366
4366 4365
4365 4364
4364 4363
4363 4362
4362 4361
4361 4360
4360 4359
4359 4358
4358 4357
4357 4356
4356 4355
4355 4354
4354 4353
4353 4352
4352 4351
4351 4350
4350 4349
4349 4348
4348 4347
4347 4414
4413 4412
4412 4411
4411 4410
4410 4409
4409 4408
4408 4407
4407 4406
4406 4405
4405 4404
4404 4403
4403 4402
4402 4401
4401 4400
4400 4399
4399 4398
4398 4397
4397 4396
4396 4395
4395 4394
4394 4393
4393 4392
4392 4391
4391 4390
4390 4389
4389 4388
4388 4387
4387 4386
4386 4385
4385 4384
4384 4383
4383 4382
4382 4381
4381 4380
4380 4379
4379 4378
4378 4377
4377 4376
4376 4375
4375 4374
4374 4373
4373 4372
4372 4371
4371 4370
4370 4369
4369 4368
4368 4367
4367 4366
4366 4365
4365 4364
4364 4363
4363 4362
4362 4361
4361 4360
4360 4359
4359 4358
4358 4357
4357 4356
4356 4355
4355 4354
4354 4353
4353 4352
4352 4351
4351 4350
4350 4349
4349 4348
4348 4347
4347 4415
4414 4413
4413 4412
4412 4411
4411 4410
4410 4409
4409 4408
4408 4407
4407 4406
4406 4405
4405 4404
4404 4403
4403 4402
4402 4401
4401 4400
4400 4399
4399 4398
4398 4397
4397 4396
4396 4395
4395 4394
4394 4393
4393 4392
4392 4391
4391 4390
4390 4389
4389 4388
4388 4387
4387 4386
4386 4385
4385 4384
4384 4383
4383 4382
4382 4381
4381 4380
4380 4379
4379 4378
4378 4377
4377 4376
4376 4375
4375 4374
4374 4373
4373 4372
4372 4371
4371 4370
4370 4369
4369 4368
4368 4367
4367 4366
4366 4365
4365 4364
4364 4363
4363 4362
4362 4361
4361 4360
4360 4359
4359 4358
4358 4357
4357 4356
4356 4355
4355 4354
4354 4353
4353 4352
4352 4351
4351 4350
4350 4349
4349 4348
4348 4347
4347 4416
4415 4414
4414 4413
4413 4412
4412 4411
4411 4410
4410 4409
4409 4408
4408 4407
4407 4406
4406 4405
4405 4404
4404 4403
4403 4402
4402 4401
4401 4400
4400 4399
4399 4398
4398 4397
4397 4396
4396 4395
4395 4394
4394 4393
4393 4392
4392 4391
4391 4390
4390 4389
4389 4388
4388 4387
4387 4386
4386 4385
4385 4384
4384 4383
4383 4382
4382 4381
4381 4380
4380 4379
4379 4378
4378 4377
4377 4376
4376 4375
4375 4374
4374 4373
4373 4372
4372 4371
4371 4370
4370 4369
4369 4368
4368 4367
4367 4366
4366 4365
4365 4364
4364 4363
4363 4362
4362 4361
4361 4360
4360 4359
4359 4358
4358 4357
4357 4356
4356 4355
4355 4354
4354 4353
4353 4352
4352 4351
4351 4350
4350 4349
4349 4348
4348 4347
4347 4417
4416 4415
4415 4414
4414 4413
4413 4412
4412 4411
4411 4410
4410 4409
4409 4408
4408 4407
4407 4406
4406 4405
4405 4404
4404 4403
4403 4402
4402 4401
4401 4400
4400 4399
4399 4398
4398 4397
4397 4396
4396 4395
4395 4394
4394 4393
4393 4392
4392 4391
4391 4390
4390 4389
4389 4388
4388 4387
4387 4386
4386 4385
4385 4384
4384 4383
4383 4382
4382 4381
4381 4380
4380 4379
4379 4378
4378 4377
4377 4376
4376 4375
4375 4374
4374 4373
4373 4372
4372 4371
4371 4370
4370 4369
4369 4368
4368 4367
4367 4366
4366 4365
4365 4364
4364 4363
4363 4362
4362 4361
4361 4360
4360 4359
4359 4358
4358 4357
4357 4356
4356 4355
4355 4354
4354 4353
4353 4352
4352 4351
4351 4350
4350 4349
4349 4348
4348 4347
4347 4418
4417 4416
4416 4415
4415 4414
4414 4413
4413 4412
4412 4411
4411 4410
4410 4409
4409 4408
4408 4407
4407 4406
4406 4405
4405 4404
4404 4403
4403 4402
4402 4401
4401 4400
4400 4399
4399 4398
4398 4397
4397 4396
4396 4395
4395 4394
4394 4393
4393 4392
4392 4391
4391 4390
4390 4389
4389 4388
4388 4387
4387 4386
4386 4385
4385 4384
4384 4383
4383 4382
4382 4381
4381 4380
4380 4379
4379 4378
4378 4377
4377 4376
4376 4375
4375 4374
4374 4373
4373 4372
4372 4371
4371 4370
4370 4369
4369 4368
4368 4367
4367 4366
4366 4365
4365 4364
4364 4363
4363 4362
4362 4361
4361 4360
4360 4359
4359 4358
4358 4357
4357 4356
4356 4355
4355 4354
4354 4353
4353 4352
4352 4351
4351 4350
4350 4349
4349 4348
4348 4347
4347 4419
4418 4417
4417 4416
4416 4415
4415 4414
4414 4413
4413 4412
4412 4411
4411 4410
4410 4409
4409 4408
4408 4407
4407 4406
4406 4405
4405 4404
4404 4403
4403 4402
4402 4401
4401 4400
4400 4399
4399 4398
4398 4397
4397 4396
4396 4395
4395 4394
4394 4393
4393 4392
4392 4391
4391 4390
4390 4389
4389 4388
4388 4387
4387 4386
4386 4385
4385 4384
4384 4383
4383 4382
4382 4381
4381 4380
4380 4379
4379 4378
4378 4377
4377 4376
4376 4375
4375 4374
4374 4373
4373 4372
4372 4371
4371 4370
4370 4369
4369 4368
4368 4367
4367 4366
4366 4365
4365 4364
4364 4363
4363 4362
4362 4361
4361 4360
4360 4359
4359 4358
4358 4357
4357 4356
4356 4355
4355 4354
4354 4353
4353 4352
4352 4351
4351 4350
4350 4349
4349 4348
4348 4347
4347 4420
4419 4418
4418 4417
4417 4416
4416 4415
4415 4414
4414 4413
4413 4412
4412 4411
4411 4410
4410 4409
4409 4408
4408 4407
4407 4406
4406 4405
4405 4404
4404 4403
4403 4402
4402 4401
4401 4400
4400 4399
4399 4398
4398 4397
4397 4396
4396 4395
4395 4394
4394 4393
4393 4392
4392 4391
4391 4390
4390 4389
4389 4388
4388 4387
4387 4386
4386 4385
4385 4384
4384 4383
4383 4382
4382 4381
4381 4380
4380 4379
4379 4378
4378 4377
4377 4376
4376 4375
4375 4374
4374 4373
4373 4372
4372 4371
4371 4370
4370 4369
4369 4368
4368 4367
4367 4366
4366 4365
4365 4364
4364 4363
4363 4362
4362 4361
4361 4360
4360 4359
4359 4358
4358 4357
4357 4356
4356 4355
4355 4354
4354 4353
4353 4352
4352 4351
4351 4350
4350 4349
4349 4348
4348 4347
4347 4421
4420 4419
4419 4418
4418 4417
4417 4416
4416 4415
4415 4414
4414 4413
4413 4412
4412 4411
4411 4410
4410 4409
4409 4408
4408 4407
4407 4406
4406 4405
4405 4404
4404 4403
4403 4402
4402 4401
4401 4400
4400 4399
4399 4398
4398 4397
4397 4396
4396 4395
4395 4394
4394 4393
4393 4392
4392 4391
4391 4390
4390 4389
4389 4388
4388 4387
4387 4386
4386 4385
4385 4384
4384 4383
4383 4382
4382 4381
4381 4380
4380 4379
4379 4378
4378 4377
4377 4376
4376 4375
4375 4374
4374 4373
4373 4372
4372 4371
4371 4370
4370 4369
4369 4368
4368 4367
4367 4366
4366 4365
4365 4364
4364 4363
4363 4362
4362 4361
4361 4360
4360 4359
4359 4358
4358 4357
4357 4356
4356 4355
4355 4354
4354 4353
4353 4352
4352 4351
4351 4350
4350 4349
4349 4348
4348 4347
4347 4422
4421 4420
4420 4419
4419 4418
4418 4417
4417 4416
4416 4415
4415 4414
4414 4413
4413 4412
4412 4411
4411 4410
4410 4409
4409 4408
4408 4407
4407 4406
4406 4405
4405 4404
4404 4403
4403 4402
4402 4401
4401 4400
4400 4399
4399 4398
4398 4397
4397 4396
4396 4395
4395 4394
4394 4393
4393 4392
4392 4391
4391 4390
4390 4389
4389 4388
4388 4387
4387 4386
4386 4385
4385 4384
4384 4383
4383 4382
4382 4381
4381 4380
4380 4379
4379 4378
4378 4377
4377 4376
4376 4375
4375 4374
4374 4373
4373 4372
4372 4371
4371 4370
4370 4369
4369 4368
4368 4367
4367 4366
4366 4365
4365 4364
4364 4363
4363 4362
4362 4361
4361 4360
4360 4359
4359 4358
4358 4357
4357 4356
4356 4355
4355 4354
4354 4353
4353 4352
4352 4351
4351 4350
4350 4349
4349 4348
4348 4347
4347 4423
4422 4421
4421 4420
4420 4419
4419 4418
4418 4417
4417 4416
4416 4415
4415 4414
4414 4413
4413 4412
4412 4411
4411 4410
4410 4409
4409 4408
4408 4407
4407 4406
4406 4405
4405 4404
4404 4403
4403 4402
4402 4401
4401 4400
4400 4399
4399 4398
4398 4397
4397 4396
4396 4395
4395 4394
4394 4393
4393 4392
4392 4391
4391 4390
4390 4389
4389 4388
4388 4387
4387 4386
4386 4385
4385 4384
4384 4383
4383 4382
4382 4381
4381 4380
4380 4379
4379 4378
4378 4377
4377 4376
4376 4375
4375 4374
4374 4373
4373 4372
4372 4371
4371 4370
4370 4369
4369 4368
4368 4367
4367 4366
4366 4365
4365 4364
4364 4363
4363 4362
4362 4361
4361 4360
4360 4359
4359 4358
4358 4357
4357 4356
4356 4355
4355 4354
4354 4353
4353 4352
4352 4351
4351 4350
4350 4349
4349 4348
4348 4347
4347 4424
4423 4422
4422 4421
4421 4420
4420 4419
4419 4418
4418 4417
4417 4416
4416 4415
4415 4414
4414 4413
4413 4412
4412 4411
4411 4410
4410 4409
4409 4408
4408 4407
4407 4406
4406 4405
4405 4404
4404 4403
4403 4402
4402 4401
4401 4400
4400 4399
4399 4398
4398 4397
4397 4396
4396 4395
4395 4394
4394 4393
4393 4392
4392 4391
4391 4390
4390 4389
4389 4388
4388 4387
4387 4386
4386 4385
4385 4384
4384 4383
4383 4382
4382 4381
4381 4380
4380 4379
4379 4378
4378 4377
4377 4376
4376 4375
4375 4374
4374 4373
4373 4372
4372 4371
4371 4370
4370 4369
4369 4368
4368 4367
4367 4366
4366 4365
4365 4364
4364 4363
4363 4362
4362 4361
4361 4360
4360 4359
4359 4358
4358 4357
4357 4356
4356 4355
4355 4354
4354 4353
4353 4352
4352 4351
4351 4350
4350 4349
4349 4348
4348 4347
4347 4425
4424 4423
4423 4422
4422 4421
4421 4420
4420 4419
4419 4418
4418 4417
4417 4416
4416 4415
4415 4414
4414 4413
4413 4412
4412 4411
4411 4410
4410 4409
4409 4408
4408 4407
4407 4406
4406 4405
4405 4404
4404 4403
4403 4402
4402 4401
4401 4400
4400 4399
4399 4398
4398 4397
4397 4396
4396 4395
4395 4394
4394 4393
4393 4392
4392 4391
4391 4390
4390 4389
4389 4388
4388 4387
4387 4386
4386 4385
4385 4384
4384 4383
4383 4382
4382 4381
4381 4380
4380 4379
4379 4378
4378 4377
4377 4376
4376 4375
4375 4374
4374 4373
4373 4372
4372 4371
4371 4370
4370 4369
4369 4368
4368 4367
4367 4366
4366 4365
4365 4364
4364 4363
4363 4362
4362 4361
4361 4360
4360 4359
4359 4358
4358 4357
4357 4356
4356 4355
4355 4354
4354 4353
4353 4352
4352 4351
4351 4350
4350 4349
4349 4348
4348 4347
4347 4426
4425 4424
4424 4423
4423 4422
4422 4421
4421 4420
4420 4419
4419 4418
4418 4417
4417 4416
4416 4415
4415 4414
4414 4413
4413 4412
4412 4411
4411 4410
4410 4409
4409 4408
4408 4407
4407 4406
4406 4405
4405 4404
4404 4403
4403 4402
4402 4401
4401 4400
4400 4399
4399 4398
4398 4397
4397 4396
4396 4395
4395 4394
4394 4393
4393 4392
4392 4391
4391 4390
4390 4389
4389 4388
4388 4387
4387 4386
4386 4385
4385 4384
4384 4383
4383 4382
4382 4381
4381 4380
4380 4379
4379 4378
4378 4377
4377 4376
4376 4375
4375 4374
4374 4373
4373 4372
4372 4371
4371 4370
4370 4369
4369 4368
4368 4367
4367 4366
4366 4365
4365 4364
4364 4363
4363 4362
4362 4361
4361 4360
4360 4359
4359 4358
4358 4357
4357 4356
4356 4355
4355 4354
4354 4353
4353 4352
4352 4351
4351 4350
4350 4349
4349 4348
4348 4347
4347 4427
4426 4425
4425 4424
4424 4423
4423 4422
4422 4421
4421 4420
4420 4419
4419 4418
4418 4417
4417 4416
4416 4415
4415 4414
4414 4413
4413 4412
4412 4411
4411 4410
4410 4409
4409 4408
4408 4407
4407 4406
4406 4405
4405 4404
4404 4403
4403 4402
4402 4401
4401 4400
4400 4399
4399 4398
4398 4397
4397 4396
4396 4395
4395 4394
4394 4393
4393 4392
4392 4391
4391 4390
4390 4389
4389 4388
4388 4387
4387 4386
4386 4385
4385 4384
4384 4383
4383 4382
4382 4381
4381 4380
4380 4379
4379 4378
4378 4377
4377 4376
4376 4375
4375 4374
4374 4373
4373 4372
4372 4371
4371 4370
4370 4369
4369 4368
4368 4367
4367 4366
4366 4365
4365 4364
4364 4363
4363 4362
4362 4361
4361 4360
4360 4359
4359 4358
4358 4357
4357 4356
4356 4355
4355 4354
4354 4353
4353 4352
4352 4351
4351 4350
4350 4349
4349 4348
4348 4347
4347 4428
4427 4426
4426 4425
4425 4424
4424 4423
4423 4422
4422 4421
4421 4420
4420 4419
4419 4418
4418 4417
4417 4416
4416 4415
4415 4414
4414 4413
4413 4412
4412 4411
4411 4410
4410 4409
4409 4408
4408 4407
4407 4406
4406 4405
4405 4404
4404 4403
4403 4402
4402 4401
4401 4400
4400 4399
4399 4398
4398 4397
4397 4396
4396 4395
4395 4394
4394 4393
4393 4392
4392 4391
4391 4390
4390 4389
4389 4388
4388 4387
4387 4386
4386 4385
4385 4384
4384 4383
4383 4382
4382 4381
4381 4380
4380 4379
4379 4378
4378 4377
4377 4376
4376 4375
4375 4374
4374 4373
4373 4372
4372 4371
4371 4370
4370 4369
4369 4368
4368 4367
4367 4366
4366 4365
4365 4364
4364 4363
4363 4362
4362 4361
4361 4360
4360 4359
4359 4358
4358 4357
4357 4356
4356 4355
4355 4354
4354 4353
4353 4352
4352 4351
4351 4350
4350 4349
4349 4348
4348 4347
4347 4429
4428 4427
4427 4426
4426 4425
4425 4424
4424 4423
4423 4422
4422 4421
4421 4420
4420 4419
4419 4418
4418 4417
4417 4416
4416 4415
4415 4414
4414 4413
4413 4412
4412 4411
4411 4410
4410 4409
4409 4408
4408 4407
4407 4406
4406 4405
4405 4404
4404 4403
4403 4402
4402 4401
4401 4400
4400 4399
4399 4398
4398 4397
4397 4396
4396 4395
4395 4394
4394 4393
4393 4392
4392 4391
4391 4390
4390 4389
4389 4388
4388 4387
4387 4386
4386 4385
4385 4384
4384 4383
4383 4382
4382 4381
4381 4380
4380 4379
4379 4378
4378 4377
4377 4376
4376 4375
4375 4374
4374 4373
4373 4372
4372 4371
4371 4370
4370 4369
4369 4368
4368 4367
4367 4366
4366 4365
4365 4364
4364 4363
4363 4362
4362 4361
4361 4360
4360 4359
4359 4358
4358 4357
4357 4356
4356 4355
4355 4354
4354 4353
4353 4352
4352 4351
4351 4350
4350 4349
4349 4348
4348 4347
4347 4430
4429 4428
4428 4427
4427 4426
4426 4425
4425 4424
4424 4423
4423 4422
4422 4421
4421 4420
4420 4419
4419 4418
4418 4417
4417 4416
4416 4415
4415 4414
4414 4413
4413 4412
4412 4411
4411 4410
4410 4409
4409 4408
4408 4407
4407 4406
4406 4405
4405 4404
4404 4403
4403 4402
4402 4401
4401 4400
4400 4399
4399 4398
4398 4397
4397 4396
4396 4395
4395 4394
4394 4393
4393 4392
4392 4391
4391 4390
4390 4389
4389 4388
4388 4387
4387 4386
4386 4385
4385 4384
4384 4383
4383 4382
4382 4381
4381 4380
4380 4379
4379 4378
4378 4377
4377 4376
4376 4375
4375 4374
4374 4373
4373 4372
4372 4371
4371 4370
4370 4369
4369 4368
4368 4367
4367 4366
4366 4365
4365 4364
4364 4363
4363 4362
4362 4361
4361 4360
4360 4359
4359 4358
4358 4357
4357 4356
4356 4355
4355 4354
4354 4353
4353 4352
4352 4351
4351 4350
4350 4349
4349 4348
4348 4347
4347 4431
4430 4429
4429 4428
4428 4427
4427 4426
4426 4425
4425 4424
4424 4423
4423 4422
4422 4421
4421 4420
4420 4419
4419 4418
4418 4417
4417 4416
4416 4415
4415 4414
4414 4413
4413 4412
4412 4411
4411 4410
4410 4409
4409 4408
4408 4407
4407 4406
4406 4405
4405 4404
4404 4403
4403 4402
4402 4401
4401 4400
4400 4399
4399 4398
4398 4397
4397 4396
4396 4395
4395 4394
4394 4393
4393 4392
4392 4391
4391 4390
4390 4389
4389 4388
4388 4387
4387 4386
4386 4385
4385 4384
4384 4383
4383 4382
4382 4381
4381 4380
4380 4379
4379 4378
4378 4377
4377 4376
4376 4375
4375 4374
4374 4373
4373 4372
4372 4371
4371 4370
4370 4369
4369 4368
4368 4367
4367 4366
4366 4365
4365 4364
4364 4363
4363 4362
4362 4361
4361 4360
4360 4359
4359 4358
4358 4357
4357 4356
4356 4355
4355 4354
4354 4353
4353 4352
4352 4351
4351 4350
4350 4349
4349 4348
4348 4347
4347 4432
4431 4430
4430 4429
4429 4428
4428 4427
4427 4426
4426 4425
4425 4424
4424 4423
4423 4422
4422 4421
4421 4420
4420 4419
4419 4418
4418 4417
4417 4416
4416 4415
4415 4414
4414 4413
4413 4412
4412 4411
4411 4410
4410 4409
4409 4408
4408 4407
4407 4406
4406 4405
4405 4404
4404 4403
4403 4402
4402 4401
4401 4400
4400 4399
4399 4398
4398 4397
4397 4396
4396 4395
4395 4394
4394 4393
4393 4392
4392 4391
4391 4390
4390 4389
4389 4388
4388 4387
4387 4386
4386 4385
4385 4384
4384 4383
4383 4382
4382 4381
4381 4380
4380 4379
4379 4378
4378 4377
4377 4376
4376 4375
4375 4374
4374 4373
4373 4372
4372 4371
4371 4370
4370 4369
4369 4368
4368 4367
4367 4366
4366 4365
4365 4364
4364 4363
4363 4362
4362 4361
4361 4360
4360 4359
4359 4358
4358 4357
4357 4356
4356 4355
4355 4354
4354 4353
4353 4352
4352 4351
4351 4350
4350 4349
4349 4348
4348 4347
4347 4433
4432 4431
4431 4430
4430 4429
4429 4428
4428 4427
4427 4426
4426 4425
4425 4424
4424 4423
4423 4422
4422 4421
4421 4420
4420 4419
4419 4418
4418 4417
4417 4416
4416 4415
4415 4414
4414 4413
4413 4412
4412 4411
4411 4410
4410 4409
4409 4408
4408 4407
4407 4406
4406 4405
4405 4404
4404 4403
4403 4402
4402 4401
4401 4400
4400 4399
4399 4398
4398 4397
4397 4396
4396 4395
4395 4394
4394 4393
4393 4392
4392 4391
4391 4390
4390 4389
4389 4388
4388 4387
4387 4386
4386 4385
4385 4384
4384 4383
4383 4382
4382 4381
4381 4380
4380 4379
4379 4378
4378 4377
4377 4376
4376 4375
4375 4374
4374 4373
4373 4372
4372 4371
4371 4370
4370 4369
4369 4368
4368 4367
4367 4366
4366 4365
4365 4364
4364 4363
4363 4362
4362 4361
4361 4360
4360 4359
4359 4358
4358 4357
4357 4356
4356 4355
4355 4354
4354 4353
4353 4352
4352 4351
4351 4350
4350 4349
4349 4348
4348 4347
4347 4434
4433 4432
4432 4431
4431 4430
4430 4429
4429 4428
4428 4427
4427 4426
4426 4425
4425 4424
4424 4423
4423 4422
4422 4421
4421 4420
4420 4419
4419 4418
4418 4417
4417 4416
4416 4415
4415 4414
4414 4413
4413 4412
4412 4411
4411 4410
4410 4409
4409 4408
4408 4407
4407 4406
4406 4405
4405 4404
4404 4403
4403 4402
4402 4401
4401 4400
4400 4399
4399 4398
4398 4397
4397 4396
4396 4395
4395 4394
4394 4393
4393 4392
4392 4391
4391 4390
4390 4389
4389 4388
4388 4387
4387 4386
4386 4385
4385 4384
4384 4383
4383 4382
4382 4381
4381 4380
4380 4379
4379 4378
4378 4377
4377 4376
4376 4375
4375 4374
4374 4373
4373 4372
4372 4371
4371 4370
4370 4369
4369 4368
4368 4367
4367 4366
4366 4365
4365 4364
4364 4363
4363 4362
4362 4361
4361 4360
4360 4359
4359 4358
4358 4357
4357 4356
4356 4355
4355 4354
4354 4353
4353 4352
4352 4351
4351 4350
4350 4349
4349 4348
4348 4347
4347 4435
4434 4433
4433 4432
4432 4431
4431 4430
4430 4429
4429 4428
4428 4427
4427 4426
4426 4425
4425 4424
4424 4423
4423 4422
4422 4421
4421 4420
4420 4419
4419 4418
4418 4417
4417 4416
4416 4415
4415 4414
4414 4413
4413 4412
4412 4411
4411 4410
4410 4409
4409 4408
4408 4407
4407 4406
4406 4405
4405 4404
4404 4403
4403 4402
4402 4401
4401 4400
4400 4399
4399 4398
4398 4397
4397 4396
4396 4395
4395 4394
4394 4393
4393 4392
4392 4391
4391 4390
4390 4389
4389 4388
4388 4387
4387 4386
4386 4385
4385 4384
4384 4383
4383 4382
4382 4381
4381 4380
4380 4379
4379 4378
4378 4377
4377 4376
4376 4375
4375 4374
4374 4373
4373 4372
4372 4371
4371 4370
4370 4369
4369 4368
4368 4367
4367 4366
4366 4365
4365 4364
4364 4363
4363 4362
4362 4361
4361 4360
4360 4359
4359 4358
4358 4357
4357 4356
4356 4355
4355 4354
4354 4353
4353 4352
4352 4351
4351 4350
4350 4349
4349 4348
4348 4347
4347 4436
4435 4434
4434 4433
4433 4432
4432 4431
4431 4430
4430 4429
4429 4428
4428 4427
4427 4426
4426 4425
4425 4424
4424 4423
4423 4422
4422 4421
4421 4420
4420 4419
4419 4418
4418 4417
4417 4416
4416 4415
4415 4414
4414 4413
4413 4412
4412 4411
4411 4410
4410 4409
4409 4408
4408 4407
4407 4406
4406 4405
4405 4404
4404 4403
4403 4402
4402 4401
4401 4400
4400 4399
4399 4398
4398 4397
4397 4396
4396 4395
4395 4394
4394 4393
4393 4392
4392 4391
4391 4390
4390 4389
4389 4388
4388 4387
4387 4386
4386 4385
4385 4384
4384 4383
4383 4382
4382 4381
4381 4380
4380 4379
4379 4378
4378 4377
4377 4376
4376 4375
4375 4374
4374 4373
4373 4372
4372 4371
4371 4370
4370 4369
4369 4368
4368 4367
4367 4366
4366 4365
4365 4364
4364 4363
4363 4362
4362 4361
4361 4360
4360 4359
4359 4358
4358 4357
4357 4356
4356 4355
4355 4354
4354 4353
4353 4352
4352 4351
4351 4350
4350 4349
4349 4348
4348 4347
4347 4437
4436 4435
4435 4434
4434 4433
4433 4432
4432 4431
4431 4430
4430 4429
4429 4428
4428 4427
4427 4426
4426 4425
4425 4424
4424 4423
4423 4422
4422 4421
4421 4420
4420 4419
4419 4418
4418 4417
4417 4416
4416 4415
4415 4414
4414 4413
4413 4412
4412 4411
4411 4410
4410 4409
4409 4408
4408 4407
4407 4406
4406 4405
4405 4404
4404 4403
4403 4402
4402 4401
4401 4400
4400 4399
4399 4398
4398 4397
4397 4396
4396 4395
4395 4394
4394 4393
4393 4392
4392 4391
4391 4390
4390 4389
4389 4388
4388 4387
4387 4386
4386 4385
4385 4384
4384 4383
4383 4382
4382 4381
4381 4380
4380 4379
4379 4378
4378 4377
4377 4376
4376 4375
4375 4374
4374 4373
4373 4372
4372 4371
4371 4370
4370 4369
4369 4368
4368 4367
4367 4366
4366 4365
4365 4364
4364 4363
4363 4362
4362 4361
4361 4360
4360 4359
4359 4358
4358 4357
4357 4356
4356 4355
4355 4354
4354 4353
4353 4352
4352 4351
4351 4350
4350 4349
4349 4348
4348 4347
4347 4438
4437 4436
4436 4435
4435 4434
4434 4433
4433 4432
4432 4431
4431 4430
4430 4429
4429 4428
4428 4427
4427 4426
4426 4425
4425 4424
4424 4423
4423 4422
4422 4421
4421 4420
4420 4419
4419 4418
4418 4417
4417 4416
4416 4415
4415 4414
4414 4413
4413 4412
4412 4411
4411 4410
4410 4409
4409 4408
4408 4407
4407 4406
4406 4405
4405 4404
4404 4403
4403 4402
4402 4401
4401 4400
4400 4399
4399 4398
4398 4397
4397 4396
4396 4395
4395 4394
4394 4393
4393 4392
4392 4391
4391 4390
4390 4389
4389 4388
4388 4387
4387 4386
4386 4385
4385 4384
4384 4383
4383 4382
4382 4381
4381 4380
4380 4379
4379 4378
4378 4377
4377 4376
4376 4375
4375 4374
4374 4373
4373 4372
4372 4371
4371 4370
4370 4369
4369 4368
4368 4367
4367 4366
4366 4365
4365 4364
4364 4363
4363 4362
4362 4361
4361 4360
4360 4359
4359 4358
4358 4357
4357 4356
4356 4355
4355 4354
4354 4353
4353 4352
4352 4351
4351 4350
4350 4349
4349 4348
4348 4347
4347 4439
4438 4437
4437 4436
4436 4435
4435 4434
4434 4433
4433 4432
4432 4431
4431 4430
4430 4429
4429 4428
4428 4427
4427 4426
4426 4425
4425 4424
4424 4423
4423 4422
4422 4421
4421 4420
4420 4419
4419 4418
4418 4417
4417 4416
4416 4415
4415 4414
4414 4413
4413 4412
4412 4411
4411 4410
4410 4409
4409 4408
4408 4407
4407 4406
4406 4405
4405 4404
4404 4403
4403 4402
4402 4401
4401 4400
4400 4399
4399 4398
4398 4397
4397 4396
4396 4395
4395 4394
4394 4393
4393 4392
4392 4391
4391 4390
4390 4389
4389 4388
4388 4387
4387 4386
4386 4385
4385 4384
4384 4383
4383 4382
4382 4381
4381 4380
4380 4379
4379 4378
4378 4377
4377 4376
4376 4375
4375 4374
4374 4373
4373 4372
4372 4371
4371 4370
4370 4369
4369 4368
4368 4367
4367 4366
4366 4365
4365 4364
4364 4363
4363 4362
4362 4361
4361 4360
4360 4359
4359 4358
4358 4357
4357 4356
4356 4355
4355 4354
4354 4353
4353 4352
4352 4351
4351 4350
4350 4349
4349 4348
4348 4347
4347 4440
4439 4438
4438 4437
4437 4436
4436 4435
4435 4434
4434 4433
4433 4432
4432 4431
4431 4430
4430 4429
4429 4428
4428 4427
4427 4426
4426 4425
4425 4424
4424 4423
4423 4422
4422 4421
4421 4420
4420 4419
4419 4418
4418 4417
4417 4416
4416 4415
4415 4414
4414 4413
4413 4412
4412 4411
4411 4410
4410 4409
4409 4408
4408 4407
4407 4406
4406 4405
4405 4404
4404 4403
4403 4402
4402 4401
4401 4400
4400 4399
4399 4398
4398 4397
4397 4396
4396 4395
4395 4394
4394 4393
4393 4392
4392 4391
4391 4390
4390 4389
4389 4388
4388 4387
4387 4386
4386 4385
4385 4384
4384 4383
4383 4382
4382 4381
4381 4380
4380 4379
4379 4378
4378 4377
4377 4376
4376 4375
4375 4374
4374 4373
4373 4372
4372 4371
4371 4370
4370 4369
4369 4368
4368 4367
4367 4366
4366 4365
4365 4364
4364 4363
4363 4362
4362 4361
4361 4360
4360 4359
4359 4358
4358 4357
4357 4356
4356 4355
4355 4354
4354 4353
4353 4352
4352 4351
4351 4350
4350 4349
4349 4348
4348 4347
4347 4441
4440 4439
4439 4438
4438 4437
4437 4436
4436 4435
4435 4434
4434 4433
4433 4432
4432 4431
4431 4430
4430 4429
4429 4428
4428 4427
4427 4426
4426 4425
4425 4424
4424 4423
4423 4422
4422 4421
4421 4420
4420 4419
4419 4418
4418 4417
4417 4416
4416 4415
4415 4414
4414 4413
4413 4412
4412 4411
4411 4410
4410 4409
4409 4408
4408 4407
4407 4406
4406 4405
4405 4404
4404 4403
4403 4402
4402 4401
4401 4400
4400 4399
4399 4398
4398 4397
4397 4396
4396 4395
4395 4394
4394 4393
4393 4392
4392 4391
4391 4390
4390 4389
4389 4388
4388 4387
4387 4386
4386 4385
4385 4384
4384 4383
4383 4382
4382 4381
4381 4380
4380 4379
4379 4378
4378 4377
4377 4376
4376 4375
4375 4374
4374 4373
4373 4372
4372 4371
4371 4370
4370 4369
4369 4368
4368 4367
4367 4366
4366 4365
4365 4364
4364 4363
4363 4362
4362 4361
4361 4360
4360 4359
4359 4358
4358 4357
4357 4356
4356 4355
4355 4354
4354 4353
4353 4352
4352 4351
4351 4350
4350 4349
4349 4348
4348 4347
4347 4442
4441 4440
4440 4439
4439 4438
4438 4437
4437 4436
4436 4435
4435 4434
4434 4433
4433 4432
4432 4431
4431 4430
4430 4429
4429 4428
4428 4427
4427 4426
4426 4425
4425 4424
4424 4423
4423 4422
4422 4421
4421 4420
4420 4419
4419 4418
4418 4417
4417 4416
4416 4415
4415 4414
4414 4413
4413 4412
4412 4411
4411 4410
4410 4409
4409 4408
4408 4407
4407 4406
4406 4405
4405 4404
4404 4403
4403 4402
4402 4401
4401 4400
4400 4399
4399 4398
4398 4397
4397 4396
4396 4395
4395 4394
4394 4393
4393 4392
4392 4391
4391 4390
4390 4389
4389 4388
4388 4387
4387 4386
4386 4385
4385 4384
4384 4383
4383 4382
4382 4381
4381 4380
4380 4379
4379 4378
4378 4377
4377 4376
4376 4375
4375 4374
4374 4373
4373 4372
4372 4371
4371 4370
4370 4369
4369 4368
4368 4367
4367 4366
4366 4365
4365 4364
4364 4363
4363 4362
4362 4361
4361 4360
4360 4359
4359 4358
4358 4357
4357 4356
4356 4355
4355 4354
4354 4353
4353 4352
4352 4351
4351 4350
4350 4349
4349 4348
4348 4347
4347 4443
4442 4441
4441 4440
4440 4439
4439 4438
4438 4437
4437 4436
4436 4435
4435 4434
4434 4433
4433 4432
4432 4431
4431 4430
4430 4429
4429 4428
4428 4427
4427 4426
4426 4425
4425 4424
4424 4423
4423 4422
4422 4421
4421 4420
4420 4419
4419 4418
4418 4417
4417 4416
4416 4415
4415 4414
4414 4413
4413 4412
4412 4411
4411 4410
4410 4409
4409 4408
4408 4407
4407 4406
4406 4405
4405 4404
4404 4403
4403 4402
4402 4401
4401 4400
4400 4399
4399 4398
4398 4397
4397 4396
4396 4395
4395 4394
4394 4393
4393 4392
4392 4391
4391 4390
4390 4389
4389 4388
4388 4387
4387 4386
4386 4385
4385 4384
4384 4383
4383 4382
4382 4381
4381 4380
4380 4379
4379 4378
4378 4377
4377 4376
4376 4375
4375 4374
4374 4373
4373 4372
4372 4371
4371 4370
4370 4369
4369 4368
4368 4367
4367 4366
4366 4365
4365 4364
4364 4363
4363 4362
4362 4361
4361 4360
4360 4359
4359 4358
4358 4357
4357 4356
4356 4355
4355 4354
4354 4353
4353 4352
4352 4351
4351 4350
4350 4349
4349 4348
4348 4347
