8387
2671 14634
5854 14634
7318 7319
7318 7320
7319 7318
7318 7321
7320 7319
7319 7318
7318 7322
7321 7320
7320 7319
7319 7318
7318 7323
7322 7321
7321 7320
7320 7319
7319 7318
7318 7324
7323 7322
7322 7321
7321 7320
7320 7319
7319 7318
7318 7325
7324 7323
7323 7322
7322 7321
7321 7320
7320 7319
7319 7318
7318 7326
7325 7324
7324 7323
7323 7322
7322 7321
7321 7320
7320 7319
7319 7318
7318 7327
7326 7325
7325 7324
7324 7323
7323 7322
7322 7321
7321 7320
7320 7319
7319 7318
7318 7328
7327 7326
7326 7325
7325 7324
7324 7323
7323 7322
7322 7321
7321 7320
7320 7319
7319 7318
7318 7329
7328 7327
7327 7326
7326 7325
7325 7324
7324 7323
7323 7322
7322 7321
7321 7320
7320 7319
7319 7318
7318 7330
7329 7328
7328 7327
7327 7326
7326 7325
7325 7324
7324 7323
7323 7322
7322 7321
7321 7320
7320 7319
7319 7318
7318 7331
7330 7329
7329 7328
7328 7327
7327 7326
7326 7325
7325 7324
7324 7323
7323 7322
7322 7321
7321 7320
7320 7319
7319 7318
7318 7332
7331 7330
7330 7329
7329 7328
7328 7327
7327 7326
7326 7325
7325 7324
7324 7323
7323 7322
7322 7321
7321 7320
7320 7319
7319 7318
7318 7333
7332 7331
7331 7330
7330 7329
7329 7328
7328 7327
7327 7326
7326 7325
7325 7324
7324 7323
7323 7322
7322 7321
7321 7320
7320 7319
7319 7318
7318 7334
7333 7332
7332 7331
7331 7330
7330 7329
7329 7328
7328 7327
7327 7326
7326 7325
7325 7324
7324 7323
7323 7322
7322 7321
7321 7320
7320 7319
7319 7318
7318 7335
7334 7333
7333 7332
7332 7331
7331 7330
7330 7329
7329 7328
7328 7327
7327 7326
7326 7325
7325 7324
7324 7323
7323 7322
7322 7321
7321 7320
7320 7319
7319 7318
7318 7336
7335 7334
7334 7333
7333 7332
7332 7331
7331 7330
7330 7329
7329 7328
7328 7327
7327 7326
7326 7325
7325 7324
7324 7323
7323 7322
7322 7321
7321 7320
7320 7319
7319 7318
7318 7337
7336 7335
7335 7334
7334 7333
7333 7332
7332 7331
7331 7330
7330 7329
7329 7328
7328 7327
7327 7326
7326 7325
7325 7324
7324 7323
7323 7322
7322 7321
7321 7320
7320 7319
7319 7318
7318 7338
7337 7336
7336 7335
7335 7334
7334 7333
7333 7332
7332 7331
7331 7330
7330 7329
7329 7328
7328 7327
7327 7326
7326 7325
7325 7324
7324 7323
7323 7322
7322 7321
7321 7320
7320 7319
7319 7318
7318 7339
7338 7337
7337 7336
7336 7335
7335 7334
7334 7333
7333 7332
7332 7331
7331 7330
7330 7329
7329 7328
7328 7327
7327 7326
7326 7325
7325 7324
7324 7323
7323 7322
7322 7321
7321 7320
7320 7319
7319 7318
7318 7340
7339 7338
7338 7337
7337 7336
7336 7335
7335 7334
7334 7333
7333 7332
7332 7331
7331 7330
7330 7329
7329 7328
7328 7327
7327 7326
7326 7325
7325 7324
7324 7323
7323 7322
7322 7321
7321 7320
7320 7319
7319 7318
7318 7341
7340 7339
7339 7338
7338 7337
7337 7336
7336 7335
7335 7334
7334 7333
7333 7332
7332 7331
7331 7330
7330 7329
7329 7328
7328 7327
7327 7326
7326 7325
7325 7324
7324 7323
7323 7322
7322 7321
7321 7320
7320 7319
7319 7318
7318 7342
7341 7340
7340 7339
7339 7338
7338 7337
7337 7336
7336 7335
7335 7334
7334 7333
7333 7332
7332 7331
7331 7330
7330 7329
7329 7328
7328 7327
7327 7326
7326 7325
7325 7324
7324 7323
7323 7322
7322 7321
7321 7320
7320 7319
7319 7318
7318 7343
7342 7341
7341 7340
7340 7339
7339 7338
7338 7337
7337 7336
7336 7335
7335 7334
7334 7333
7333 7332
7332 7331
7331 7330
7330 7329
7329 7328
7328 7327
7327 7326
7326 7325
7325 7324
7324 7323
7323 7322
7322 7321
7321 7320
7320 7319
7319 7318
7318 7344
7343 7342
7342 7341
7341 7340
7340 7339
7339 7338
7338 7337
7337 7336
7336 7335
7335 7334
7334 7333
7333 7332
7332 7331
7331 7330
7330 7329
7329 7328
7328 7327
7327 7326
7326 7325
7325 7324
7324 7323
7323 7322
7322 7321
7321 7320
7320 7319
7319 7318
7318 7345
7344 7343
7343 7342
7342 7341
7341 7340
7340 7339
7339 7338
7338 7337
7337 7336
7336 7335
7335 7334
7334 7333
7333 7332
7332 7331
7331 7330
7330 7329
7329 7328
7328 7327
7327 7326
7326 7325
7325 7324
7324 7323
7323 7322
7322 7321
7321 7320
7320 7319
7319 7318
7318 7346
7345 7344
7344 7343
7343 7342
7342 7341
7341 7340
7340 7339
7339 7338
7338 7337
7337 7336
7336 7335
7335 7334
7334 7333
7333 7332
7332 7331
7331 7330
7330 7329
7329 7328
7328 7327
7327 7326
7326 7325
7325 7324
7324 7323
7323 7322
7322 7321
7321 7320
7320 7319
7319 7318
7318 7347
7346 7345
7345 7344
7344 7343
7343 7342
7342 7341
7341 7340
7340 7339
7339 7338
7338 7337
7337 7336
7336 7335
7335 7334
7334 7333
7333 7332
7332 7331
7331 7330
7330 7329
7329 7328
7328 7327
7327 7326
7326 7325
7325 7324
7324 7323
7323 7322
7322 7321
7321 7320
7320 7319
7319 7318
7318 7348
7347 7346
7346 7345
7345 7344
7344 7343
7343 7342
7342 7341
7341 7340
7340 7339
7339 7338
7338 7337
7337 7336
7336 7335
7335 7334
7334 7333
7333 7332
7332 7331
7331 7330
7330 7329
7329 7328
7328 7327
7327 7326
7326 7325
7325 7324
7324 7323
7323 7322
7322 7321
7321 7320
7320 7319
7319 7318
7318 7349
7348 7347
7347 7346
7346 7345
7345 7344
7344 7343
7343 7342
7342 7341
7341 7340
7340 7339
7339 7338
7338 7337
7337 7336
7336 7335
7335 7334
7334 7333
7333 7332
7332 7331
7331 7330
7330 7329
7329 7328
7328 7327
7327 7326
7326 7325
7325 7324
7324 7323
7323 7322
7322 7321
7321 7320
7320 7319
7319 7318
7318 7350
7349 7348
7348 7347
7347 7346
7346 7345
7345 7344
7344 7343
7343 7342
7342 7341
7341 7340
7340 7339
7339 7338
7338 7337
7337 7336
7336 7335
7335 7334
7334 7333
7333 7332
7332 7331
7331 7330
7330 7329
7329 7328
7328 7327
7327 7326
7326 7325
7325 7324
7324 7323
7323 7322
7322 7321
7321 7320
7320 7319
7319 7318
7318 7351
7350 7349
7349 7348
7348 7347
7347 7346
7346 7345
7345 7344
7344 7343
7343 7342
7342 7341
7341 7340
7340 7339
7339 7338
7338 7337
7337 7336
7336 7335
7335 7334
7334 7333
7333 7332
7332 7331
7331 7330
7330 7329
7329 7328
7328 7327
7327 7326
7326 7325
7325 7324
7324 7323
7323 7322
7322 7321
7321 7320
7320 7319
7319 7318
7318 7352
7351 7350
7350 7349
7349 7348
7348 7347
7347 7346
7346 7345
7345 7344
7344 7343
7343 7342
7342 7341
7341 7340
7340 7339
7339 7338
7338 7337
7337 7336
7336 7335
7335 7334
7334 7333
7333 7332
7332 7331
7331 7330
7330 7329
7329 7328
7328 7327
7327 7326
7326 7325
7325 7324
7324 7323
7323 7322
7322 7321
7321 7320
7320 7319
7319 7318
7318 7353
7352 7351
7351 7350
7350 7349
7349 7348
7348 7347
7347 7346
7346 7345
7345 7344
7344 7343
7343 7342
7342 7341
7341 7340
7340 7339
7339 7338
7338 7337
7337 7336
7336 7335
7335 7334
7334 7333
7333 7332
7332 7331
7331 7330
7330 7329
7329 7328
7328 7327
7327 7326
7326 7325
7325 7324
7324 7323
7323 7322
7322 7321
7321 7320
7320 7319
7319 7318
7318 7354
7353 7352
7352 7351
7351 7350
7350 7349
7349 7348
7348 7347
7347 7346
7346 7345
7345 7344
7344 7343
7343 7342
7342 7341
7341 7340
7340 7339
7339 7338
7338 7337
7337 7336
7336 7335
7335 7334
7334 7333
7333 7332
7332 7331
7331 7330
7330 7329
7329 7328
7328 7327
7327 7326
7326 7325
7325 7324
7324 7323
7323 7322
7322 7321
7321 7320
7320 7319
7319 7318
7318 7355
7354 7353
7353 7352
7352 7351
7351 7350
7350 7349
7349 7348
7348 7347
7347 7346
7346 7345
7345 7344
7344 7343
7343 7342
7342 7341
7341 7340
7340 7339
7339 7338
7338 7337
7337 7336
7336 7335
7335 7334
7334 7333
7333 7332
7332 7331
7331 7330
7330 7329
7329 7328
7328 7327
7327 7326
7326 7325
7325 7324
7324 7323
7323 7322
7322 7321
7321 7320
7320 7319
7319 7318
7318 7356
7355 7354
7354 7353
7353 7352
7352 7351
7351 7350
7350 7349
7349 7348
7348 7347
7347 7346
7346 7345
7345 7344
7344 7343
7343 7342
7342 7341
7341 7340
7340 7339
7339 7338
7338 7337
7337 7336
7336 7335
7335 7334
7334 7333
7333 7332
7332 7331
7331 7330
7330 7329
7329 7328
7328 7327
7327 7326
7326 7325
7325 7324
7324 7323
7323 7322
7322 7321
7321 7320
7320 7319
7319 7318
7318 7357
7356 7355
7355 7354
7354 7353
7353 7352
7352 7351
7351 7350
7350 7349
7349 7348
7348 7347
7347 7346
7346 7345
7345 7344
7344 7343
7343 7342
7342 7341
7341 7340
7340 7339
7339 7338
7338 7337
7337 7336
7336 7335
7335 7334
7334 7333
7333 7332
7332 7331
7331 7330
7330 7329
7329 7328
7328 7327
7327 7326
7326 7325
7325 7324
7324 7323
7323 7322
7322 7321
7321 7320
7320 7319
7319 7318
7318 7358
7357 7356
7356 7355
7355 7354
7354 7353
7353 7352
7352 7351
7351 7350
7350 7349
7349 7348
7348 7347
7347 7346
7346 7345
7345 7344
7344 7343
7343 7342
7342 7341
7341 7340
7340 7339
7339 7338
7338 7337
7337 7336
7336 7335
7335 7334
7334 7333
7333 7332
7332 7331
7331 7330
7330 7329
7329 7328
7328 7327
7327 7326
7326 7325
7325 7324
7324 7323
7323 7322
7322 7321
7321 7320
7320 7319
7319 7318
7318 7359
7358 7357
7357 7356
7356 7355
7355 7354
7354 7353
7353 7352
7352 7351
7351 7350
7350 7349
7349 7348
7348 7347
7347 7346
7346 7345
7345 7344
7344 7343
7343 7342
7342 7341
7341 7340
7340 7339
7339 7338
7338 7337
7337 7336
7336 7335
7335 7334
7334 7333
7333 7332
7332 7331
7331 7330
7330 7329
7329 7328
7328 7327
7327 7326
7326 7325
7325 7324
7324 7323
7323 7322
7322 7321
7321 7320
7320 7319
7319 7318
7318 7360
7359 7358
7358 7357
7357 7356
7356 7355
7355 7354
7354 7353
7353 7352
7352 7351
7351 7350
7350 7349
7349 7348
7348 7347
7347 7346
7346 7345
7345 7344
7344 7343
7343 7342
7342 7341
7341 7340
7340 7339
7339 7338
7338 7337
7337 7336
7336 7335
7335 7334
7334 7333
7333 7332
7332 7331
7331 7330
7330 7329
7329 7328
7328 7327
7327 7326
7326 7325
7325 7324
7324 7323
7323 7322
7322 7321
7321 7320
7320 7319
7319 7318
7318 7361
7360 7359
7359 7358
7358 7357
7357 7356
7356 7355
7355 7354
7354 7353
7353 7352
7352 7351
7351 7350
7350 7349
7349 7348
7348 7347
7347 7346
7346 7345
7345 7344
7344 7343
7343 7342
7342 7341
7341 7340
7340 7339
7339 7338
7338 7337
7337 7336
7336 7335
7335 7334
7334 7333
7333 7332
7332 7331
7331 7330
7330 7329
7329 7328
7328 7327
7327 7326
7326 7325
7325 7324
7324 7323
7323 7322
7322 7321
7321 7320
7320 7319
7319 7318
7318 7362
7361 7360
7360 7359
7359 7358
7358 7357
7357 7356
7356 7355
7355 7354
7354 7353
7353 7352
7352 7351
7351 7350
7350 7349
7349 7348
7348 7347
7347 7346
7346 7345
7345 7344
7344 7343
7343 7342
7342 7341
7341 7340
7340 7339
7339 7338
7338 7337
7337 7336
7336 7335
7335 7334
7334 7333
7333 7332
7332 7331
7331 7330
7330 7329
7329 7328
7328 7327
7327 7326
7326 7325
7325 7324
7324 7323
7323 7322
7322 7321
7321 7320
7320 7319
7319 7318
7318 7363
7362 7361
7361 7360
7360 7359
7359 7358
7358 7357
7357 7356
7356 7355
7355 7354
7354 7353
7353 7352
7352 7351
7351 7350
7350 7349
7349 7348
7348 7347
7347 7346
7346 7345
7345 7344
7344 7343
7343 7342
7342 7341
7341 7340
7340 7339
7339 7338
7338 7337
7337 7336
7336 7335
7335 7334
7334 7333
7333 7332
7332 7331
7331 7330
7330 7329
7329 7328
7328 7327
7327 7326
7326 7325
7325 7324
7324 7323
7323 7322
7322 7321
7321 7320
7320 7319
7319 7318
7318 7364
7363 7362
7362 7361
7361 7360
7360 7359
7359 7358
7358 7357
7357 7356
7356 7355
7355 7354
7354 7353
7353 7352
7352 7351
7351 7350
7350 7349
7349 7348
7348 7347
7347 7346
7346 7345
7345 7344
7344 7343
7343 7342
7342 7341
7341 7340
7340 7339
7339 7338
7338 7337
7337 7336
7336 7335
7335 7334
7334 7333
7333 7332
7332 7331
7331 7330
7330 7329
7329 7328
7328 7327
7327 7326
7326 7325
7325 7324
7324 7323
7323 7322
7322 7321
7321 7320
7320 7319
7319 7318
7318 7365
7364 7363
7363 7362
7362 7361
7361 7360
7360 7359
7359 7358
7358 7357
7357 7356
7356 7355
7355 7354
7354 7353
7353 7352
7352 7351
7351 7350
7350 7349
7349 7348
7348 7347
7347 7346
7346 7345
7345 7344
7344 7343
7343 7342
7342 7341
7341 7340
7340 7339
7339 7338
7338 7337
7337 7336
7336 7335
7335 7334
7334 7333
7333 7332
7332 7331
7331 7330
7330 7329
7329 7328
7328 7327
7327 7326
7326 7325
7325 7324
7324 7323
7323 7322
7322 7321
7321 7320
7320 7319
7319 7318
7318 7366
7365 7364
7364 7363
7363 7362
7362 7361
7361 7360
7360 7359
7359 7358
7358 7357
7357 7356
7356 7355
7355 7354
7354 7353
7353 7352
7352 7351
7351 7350
7350 7349
7349 7348
7348 7347
7347 7346
7346 7345
7345 7344
7344 7343
7343 7342
7342 7341
7341 7340
7340 7339
7339 7338
7338 7337
7337 7336
7336 7335
7335 7334
7334 7333
7333 7332
7332 7331
7331 7330
7330 7329
7329 7328
7328 7327
7327 7326
7326 7325
7325 7324
7324 7323
7323 7322
7322 7321
7321 7320
7320 7319
7319 7318
7318 7367
7366 7365
7365 7364
7364 7363
7363 7362
7362 7361
7361 7360
7360 7359
7359 7358
7358 7357
7357 7356
7356 7355
7355 7354
7354 7353
7353 7352
7352 7351
7351 7350
7350 7349
7349 7348
7348 7347
7347 7346
7346 7345
7345 7344
7344 7343
7343 7342
7342 7341
7341 7340
7340 7339
7339 7338
7338 7337
7337 7336
7336 7335
7335 7334
7334 7333
7333 7332
7332 7331
7331 7330
7330 7329
7329 7328
7328 7327
7327 7326
7326 7325
7325 7324
7324 7323
7323 7322
7322 7321
7321 7320
7320 7319
7319 7318
7318 7368
7367 7366
7366 7365
7365 7364
7364 7363
7363 7362
7362 7361
7361 7360
7360 7359
7359 7358
7358 7357
7357 7356
7356 7355
7355 7354
7354 7353
7353 7352
7352 7351
7351 7350
7350 7349
7349 7348
7348 7347
7347 7346
7346 7345
7345 7344
7344 7343
7343 7342
7342 7341
7341 7340
7340 7339
7339 7338
7338 7337
7337 7336
7336 7335
7335 7334
7334 7333
7333 7332
7332 7331
7331 7330
7330 7329
7329 7328
7328 7327
7327 7326
7326 7325
7325 7324
7324 7323
7323 7322
7322 7321
7321 7320
7320 7319
7319 7318
7318 7369
7368 7367
7367 7366
7366 7365
7365 7364
7364 7363
7363 7362
7362 7361
7361 7360
7360 7359
7359 7358
7358 7357
7357 7356
7356 7355
7355 7354
7354 7353
7353 7352
7352 7351
7351 7350
7350 7349
7349 7348
7348 7347
7347 7346
7346 7345
7345 7344
7344 7343
7343 7342
7342 7341
7341 7340
7340 7339
7339 7338
7338 7337
7337 7336
7336 7335
7335 7334
7334 7333
7333 7332
7332 7331
7331 7330
7330 7329
7329 7328
7328 7327
7327 7326
7326 7325
7325 7324
7324 7323
7323 7322
7322 7321
7321 7320
7320 7319
7319 7318
7318 7370
7369 7368
7368 7367
7367 7366
7366 7365
7365 7364
7364 7363
7363 7362
7362 7361
7361 7360
7360 7359
7359 7358
7358 7357
7357 7356
7356 7355
7355 7354
7354 7353
7353 7352
7352 7351
7351 7350
7350 7349
7349 7348
7348 7347
7347 7346
7346 7345
7345 7344
7344 7343
7343 7342
7342 7341
7341 7340
7340 7339
7339 7338
7338 7337
7337 7336
7336 7335
7335 7334
7334 7333
7333 7332
7332 7331
7331 7330
7330 7329
7329 7328
7328 7327
7327 7326
7326 7325
7325 7324
7324 7323
7323 7322
7322 7321
7321 7320
7320 7319
7319 7318
7318 7371
7370 7369
7369 7368
7368 7367
7367 7366
7366 7365
7365 7364
7364 7363
7363 7362
7362 7361
7361 7360
7360 7359
7359 7358
7358 7357
7357 7356
7356 7355
7355 7354
7354 7353
7353 7352
7352 7351
7351 7350
7350 7349
7349 7348
7348 7347
7347 7346
7346 7345
7345 7344
7344 7343
7343 7342
7342 7341
7341 7340
7340 7339
7339 7338
7338 7337
7337 7336
7336 7335
7335 7334
7334 7333
7333 7332
7332 7331
7331 7330
7330 7329
7329 7328
7328 7327
7327 7326
7326 7325
7325 7324
7324 7323
7323 7322
7322 7321
7321 7320
7320 7319
7319 7318
7318 7372
7371 7370
7370 7369
7369 7368
7368 7367
7367 7366
7366 7365
7365 7364
7364 7363
7363 7362
7362 7361
7361 7360
7360 7359
7359 7358
7358 7357
7357 7356
7356 7355
7355 7354
7354 7353
7353 7352
7352 7351
7351 7350
7350 7349
7349 7348
7348 7347
7347 7346
7346 7345
7345 7344
7344 7343
7343 7342
7342 7341
7341 7340
7340 7339
7339 7338
7338 7337
7337 7336
7336 7335
7335 7334
7334 7333
7333 7332
7332 7331
7331 7330
7330 7329
7329 7328
7328 7327
7327 7326
7326 7325
7325 7324
7324 7323
7323 7322
7322 7321
7321 7320
7320 7319
7319 7318
7318 7373
7372 7371
7371 7370
7370 7369
7369 7368
7368 7367
7367 7366
7366 7365
7365 7364
7364 7363
7363 7362
7362 7361
7361 7360
7360 7359
7359 7358
7358 7357
7357 7356
7356 7355
7355 7354
7354 7353
7353 7352
7352 7351
7351 7350
7350 7349
7349 7348
7348 7347
7347 7346
7346 7345
7345 7344
7344 7343
7343 7342
7342 7341
7341 7340
7340 7339
7339 7338
7338 7337
7337 7336
7336 7335
7335 7334
7334 7333
7333 7332
7332 7331
7331 7330
7330 7329
7329 7328
7328 7327
7327 7326
7326 7325
7325 7324
7324 7323
7323 7322
7322 7321
7321 7320
7320 7319
7319 7318
7318 7374
7373 7372
7372 7371
7371 7370
7370 7369
7369 7368
7368 7367
7367 7366
7366 7365
7365 7364
7364 7363
7363 7362
7362 7361
7361 7360
7360 7359
7359 7358
7358 7357
7357 7356
7356 7355
7355 7354
7354 7353
7353 7352
7352 7351
7351 7350
7350 7349
7349 7348
7348 7347
7347 7346
7346 7345
7345 7344
7344 7343
7343 7342
7342 7341
7341 7340
7340 7339
7339 7338
7338 7337
7337 7336
7336 7335
7335 7334
7334 7333
7333 7332
7332 7331
7331 7330
7330 7329
7329 7328
7328 7327
7327 7326
7326 7325
7325 7324
7324 7323
7323 7322
7322 7321
7321 7320
7320 7319
7319 7318
7318 7375
7374 7373
7373 7372
7372 7371
7371 7370
7370 7369
7369 7368
7368 7367
7367 7366
7366 7365
7365 7364
7364 7363
7363 7362
7362 7361
7361 7360
7360 7359
7359 7358
7358 7357
7357 7356
7356 7355
7355 7354
7354 7353
7353 7352
7352 7351
7351 7350
7350 7349
7349 7348
7348 7347
7347 7346
7346 7345
7345 7344
7344 7343
7343 7342
7342 7341
7341 7340
7340 7339
7339 7338
7338 7337
7337 7336
7336 7335
7335 7334
7334 7333
7333 7332
7332 7331
7331 7330
7330 7329
7329 7328
7328 7327
7327 7326
7326 7325
7325 7324
7324 7323
7323 7322
7322 7321
7321 7320
7320 7319
7319 7318
7318 7376
7375 7374
7374 7373
7373 7372
7372 7371
7371 7370
7370 7369
7369 7368
7368 7367
7367 7366
7366 7365
7365 7364
7364 7363
7363 7362
7362 7361
7361 7360
7360 7359
7359 7358
7358 7357
7357 7356
7356 7355
7355 7354
7354 7353
7353 7352
7352 7351
7351 7350
7350 7349
7349 7348
7348 7347
7347 7346
7346 7345
7345 7344
7344 7343
7343 7342
7342 7341
7341 7340
7340 7339
7339 7338
7338 7337
7337 7336
7336 7335
7335 7334
7334 7333
7333 7332
7332 7331
7331 7330
7330 7329
7329 7328
7328 7327
7327 7326
7326 7325
7325 7324
7324 7323
7323 7322
7322 7321
7321 7320
7320 7319
7319 7318
7318 7377
7376 7375
7375 7374
7374 7373
7373 7372
7372 7371
7371 7370
7370 7369
7369 7368
7368 7367
7367 7366
7366 7365
7365 7364
7364 7363
7363 7362
7362 7361
7361 7360
7360 7359
7359 7358
7358 7357
7357 7356
7356 7355
7355 7354
7354 7353
7353 7352
7352 7351
7351 7350
7350 7349
7349 7348
7348 7347
7347 7346
7346 7345
7345 7344
7344 7343
7343 7342
7342 7341
7341 7340
7340 7339
7339 7338
7338 7337
7337 7336
7336 7335
7335 7334
7334 7333
7333 7332
7332 7331
7331 7330
7330 7329
7329 7328
7328 7327
7327 7326
7326 7325
7325 7324
7324 7323
7323 7322
7322 7321
7321 7320
7320 7319
7319 7318
7318 7378
7377 7376
7376 7375
7375 7374
7374 7373
7373 7372
7372 7371
7371 7370
7370 7369
7369 7368
7368 7367
7367 7366
7366 7365
7365 7364
7364 7363
7363 7362
7362 7361
7361 7360
7360 7359
7359 7358
7358 7357
7357 7356
7356 7355
7355 7354
7354 7353
7353 7352
7352 7351
7351 7350
7350 7349
7349 7348
7348 7347
7347 7346
7346 7345
7345 7344
7344 7343
7343 7342
7342 7341
7341 7340
7340 7339
7339 7338
7338 7337
7337 7336
7336 7335
7335 7334
7334 7333
7333 7332
7332 7331
7331 7330
7330 7329
7329 7328
7328 7327
7327 7326
7326 7325
7325 7324
7324 7323
7323 7322
7322 7321
7321 7320
7320 7319
7319 7318
7318 7379
7378 7377
7377 7376
7376 7375
7375 7374
7374 7373
7373 7372
7372 7371
7371 7370
7370 7369
7369 7368
7368 7367
7367 7366
7366 7365
7365 7364
7364 7363
7363 7362
7362 7361
7361 7360
7360 7359
7359 7358
7358 7357
7357 7356
7356 7355
7355 7354
7354 7353
7353 7352
7352 7351
7351 7350
7350 7349
7349 7348
7348 7347
7347 7346
7346 7345
7345 7344
7344 7343
7343 7342
7342 7341
7341 7340
7340 7339
7339 7338
7338 7337
7337 7336
7336 7335
7335 7334
7334 7333
7333 7332
7332 7331
7331 7330
7330 7329
7329 7328
7328 7327
7327 7326
7326 7325
7325 7324
7324 7323
7323 7322
7322 7321
7321 7320
7320 7319
7319 7318
7318 7380
7379 7378
7378 7377
7377 7376
7376 7375
7375 7374
7374 7373
7373 7372
7372 7371
7371 7370
7370 7369
7369 7368
7368 7367
7367 7366
7366 7365
7365 7364
7364 7363
7363 7362
7362 7361
7361 7360
7360 7359
7359 7358
7358 7357
7357 7356
7356 7355
7355 7354
7354 7353
7353 7352
7352 7351
7351 7350
7350 7349
7349 7348
7348 7347
7347 7346
7346 7345
7345 7344
7344 7343
7343 7342
7342 7341
7341 7340
7340 7339
7339 7338
7338 7337
7337 7336
7336 7335
7335 7334
7334 7333
7333 7332
7332 7331
7331 7330
7330 7329
7329 7328
7328 7327
7327 7326
7326 7325
7325 7324
7324 7323
7323 7322
7322 7321
7321 7320
7320 7319
7319 7318
7318 7381
7380 7379
7379 7378
7378 7377
7377 7376
7376 7375
7375 7374
7374 7373
7373 7372
7372 7371
7371 7370
7370 7369
7369 7368
7368 7367
7367 7366
7366 7365
7365 7364
7364 7363
7363 7362
7362 7361
7361 7360
7360 7359
7359 7358
7358 7357
7357 7356
7356 7355
7355 7354
7354 7353
7353 7352
7352 7351
7351 7350
7350 7349
7349 7348
7348 7347
7347 7346
7346 7345
7345 7344
7344 7343
7343 7342
7342 7341
7341 7340
7340 7339
7339 7338
7338 7337
7337 7336
7336 7335
7335 7334
7334 7333
7333 7332
7332 7331
7331 7330
7330 7329
7329 7328
7328 7327
7327 7326
7326 7325
7325 7324
7324 7323
7323 7322
7322 7321
7321 7320
7320 7319
7319 7318
7318 7382
7381 7380
7380 7379
7379 7378
7378 7377
7377 7376
7376 7375
7375 7374
7374 7373
7373 7372
7372 7371
7371 7370
7370 7369
7369 7368
7368 7367
7367 7366
7366 7365
7365 7364
7364 7363
7363 7362
7362 7361
7361 7360
7360 7359
7359 7358
7358 7357
7357 7356
7356 7355
7355 7354
7354 7353
7353 7352
7352 7351
7351 7350
7350 7349
7349 7348
7348 7347
7347 7346
7346 7345
7345 7344
7344 7343
7343 7342
7342 7341
7341 7340
7340 7339
7339 7338
7338 7337
7337 7336
7336 7335
7335 7334
7334 7333
7333 7332
7332 7331
7331 7330
7330 7329
7329 7328
7328 7327
7327 7326
7326 7325
7325 7324
7324 7323
7323 7322
7322 7321
7321 7320
7320 7319
7319 7318
7318 7383
7382 7381
7381 7380
7380 7379
7379 7378
7378 7377
7377 7376
7376 7375
7375 7374
7374 7373
7373 7372
7372 7371
7371 7370
7370 7369
7369 7368
7368 7367
7367 7366
7366 7365
7365 7364
7364 7363
7363 7362
7362 7361
7361 7360
7360 7359
7359 7358
7358 7357
7357 7356
7356 7355
7355 7354
7354 7353
7353 7352
7352 7351
7351 7350
7350 7349
7349 7348
7348 7347
7347 7346
7346 7345
7345 7344
7344 7343
7343 7342
7342 7341
7341 7340
7340 7339
7339 7338
7338 7337
7337 7336
7336 7335
7335 7334
7334 7333
7333 7332
7332 7331
7331 7330
7330 7329
7329 7328
7328 7327
7327 7326
7326 7325
7325 7324
7324 7323
7323 7322
7322 7321
7321 7320
7320 7319
7319 7318
7318 7384
7383 7382
7382 7381
7381 7380
7380 7379
7379 7378
7378 7377
7377 7376
7376 7375
7375 7374
7374 7373
7373 7372
7372 7371
7371 7370
7370 7369
7369 7368
7368 7367
7367 7366
7366 7365
7365 7364
7364 7363
7363 7362
7362 7361
7361 7360
7360 7359
7359 7358
7358 7357
7357 7356
7356 7355
7355 7354
7354 7353
7353 7352
7352 7351
7351 7350
7350 7349
7349 7348
7348 7347
7347 7346
7346 7345
7345 7344
7344 7343
7343 7342
7342 7341
7341 7340
7340 7339
7339 7338
7338 7337
7337 7336
7336 7335
7335 7334
7334 7333
7333 7332
7332 7331
7331 7330
7330 7329
7329 7328
7328 7327
7327 7326
7326 7325
7325 7324
7324 7323
7323 7322
7322 7321
7321 7320
7320 7319
7319 7318
7318 7385
7384 7383
7383 7382
7382 7381
7381 7380
7380 7379
7379 7378
7378 7377
7377 7376
7376 7375
7375 7374
7374 7373
7373 7372
7372 7371
7371 7370
7370 7369
7369 7368
7368 7367
7367 7366
7366 7365
7365 7364
7364 7363
7363 7362
7362 7361
7361 7360
7360 7359
7359 7358
7358 7357
7357 7356
7356 7355
7355 7354
7354 7353
7353 7352
7352 7351
7351 7350
7350 7349
7349 7348
7348 7347
7347 7346
7346 7345
7345 7344
7344 7343
7343 7342
7342 7341
7341 7340
7340 7339
7339 7338
7338 7337
7337 7336
7336 7335
7335 7334
7334 7333
7333 7332
7332 7331
7331 7330
7330 7329
7329 7328
7328 7327
7327 7326
7326 7325
7325 7324
7324 7323
7323 7322
7322 7321
7321 7320
7320 7319
7319 7318
7318 7386
7385 7384
7384 7383
7383 7382
7382 7381
7381 7380
7380 7379
7379 7378
7378 7377
7377 7376
7376 7375
7375 7374
7374 7373
7373 7372
7372 7371
7371 7370
7370 7369
7369 7368
7368 7367
7367 7366
7366 7365
7365 7364
7364 7363
7363 7362
7362 7361
7361 7360
7360 7359
7359 7358
7358 7357
7357 7356
7356 7355
7355 7354
7354 7353
7353 7352
7352 7351
7351 7350
7350 7349
7349 7348
7348 7347
7347 7346
7346 7345
7345 7344
7344 7343
7343 7342
7342 7341
7341 7340
7340 7339
7339 7338
7338 7337
7337 7336
7336 7335
7335 7334
7334 7333
7333 7332
7332 7331
7331 7330
7330 7329
7329 7328
7328 7327
7327 7326
7326 7325
7325 7324
7324 7323
7323 7322
7322 7321
7321 7320
7320 7319
7319 7318
7318 7387
7386 7385
7385 7384
7384 7383
7383 7382
7382 7381
7381 7380
7380 7379
7379 7378
7378 7377
7377 7376
7376 7375
7375 7374
7374 7373
7373 7372
7372 7371
7371 7370
7370 7369
7369 7368
7368 7367
7367 7366
7366 7365
7365 7364
7364 7363
7363 7362
7362 7361
7361 7360
7360 7359
7359 7358
7358 7357
7357 7356
7356 7355
7355 7354
7354 7353
7353 7352
7352 7351
7351 7350
7350 7349
7349 7348
7348 7347
7347 7346
7346 7345
7345 7344
7344 7343
7343 7342
7342 7341
7341 7340
7340 7339
7339 7338
7338 7337
7337 7336
7336 7335
7335 7334
7334 7333
7333 7332
7332 7331
7331 7330
7330 7329
7329 7328
7328 7327
7327 7326
7326 7325
7325 7324
7324 7323
7323 7322
7322 7321
7321 7320
7320 7319
7319 7318
7318 7388
7387 7386
7386 7385
7385 7384
7384 7383
7383 7382
7382 7381
7381 7380
7380 7379
7379 7378
7378 7377
7377 7376
7376 7375
7375 7374
7374 7373
7373 7372
7372 7371
7371 7370
7370 7369
7369 7368
7368 7367
7367 7366
7366 7365
7365 7364
7364 7363
7363 7362
7362 7361
7361 7360
7360 7359
7359 7358
7358 7357
7357 7356
7356 7355
7355 7354
7354 7353
7353 7352
7352 7351
7351 7350
7350 7349
7349 7348
7348 7347
7347 7346
7346 7345
7345 7344
7344 7343
7343 7342
7342 7341
7341 7340
7340 7339
7339 7338
7338 7337
7337 7336
7336 7335
7335 7334
7334 7333
7333 7332
7332 7331
7331 7330
7330 7329
7329 7328
7328 7327
7327 7326
7326 7325
7325 7324
7324 7323
7323 7322
7322 7321
7321 7320
7320 7319
7319 7318
7318 7389
7388 7387
7387 7386
7386 7385
7385 7384
7384 7383
7383 7382
7382 7381
7381 7380
7380 7379
7379 7378
7378 7377
7377 7376
7376 7375
7375 7374
7374 7373
7373 7372
7372 7371
7371 7370
7370 7369
7369 7368
7368 7367
7367 7366
7366 7365
7365 7364
7364 7363
7363 7362
7362 7361
7361 7360
7360 7359
7359 7358
7358 7357
7357 7356
7356 7355
7355 7354
7354 7353
7353 7352
7352 7351
7351 7350
7350 7349
7349 7348
7348 7347
7347 7346
7346 7345
7345 7344
7344 7343
7343 7342
7342 7341
7341 7340
7340 7339
7339 7338
7338 7337
7337 7336
7336 7335
7335 7334
7334 7333
7333 7332
7332 7331
7331 7330
7330 7329
7329 7328
7328 7327
7327 7326
7326 7325
7325 7324
7324 7323
7323 7322
7322 7321
7321 7320
7320 7319
7319 7318
7318 7390
7389 7388
7388 7387
7387 7386
7386 7385
7385 7384
7384 7383
7383 7382
7382 7381
7381 7380
7380 7379
7379 7378
7378 7377
7377 7376
7376 7375
7375 7374
7374 7373
7373 7372
7372 7371
7371 7370
7370 7369
7369 7368
7368 7367
7367 7366
7366 7365
7365 7364
7364 7363
7363 7362
7362 7361
7361 7360
7360 7359
7359 7358
7358 7357
7357 7356
7356 7355
7355 7354
7354 7353
7353 7352
7352 7351
7351 7350
7350 7349
7349 7348
7348 7347
7347 7346
7346 7345
7345 7344
7344 7343
7343 7342
7342 7341
7341 7340
7340 7339
7339 7338
7338 7337
7337 7336
7336 7335
7335 7334
7334 7333
7333 7332
7332 7331
7331 7330
7330 7329
7329 7328
7328 7327
7327 7326
7326 7325
7325 7324
7324 7323
7323 7322
7322 7321
7321 7320
7320 7319
7319 7318
7318 7391
7390 7389
7389 7388
7388 7387
7387 7386
7386 7385
7385 7384
7384 7383
7383 7382
7382 7381
7381 7380
7380 7379
7379 7378
7378 7377
7377 7376
7376 7375
7375 7374
7374 7373
7373 7372
7372 7371
7371 7370
7370 7369
7369 7368
7368 7367
7367 7366
7366 7365
7365 7364
7364 7363
7363 7362
7362 7361
7361 7360
7360 7359
7359 7358
7358 7357
7357 7356
7356 7355
7355 7354
7354 7353
7353 7352
7352 7351
7351 7350
7350 7349
7349 7348
7348 7347
7347 7346
7346 7345
7345 7344
7344 7343
7343 7342
7342 7341
7341 7340
7340 7339
7339 7338
7338 7337
7337 7336
7336 7335
7335 7334
7334 7333
7333 7332
7332 7331
7331 7330
7330 7329
7329 7328
7328 7327
7327 7326
7326 7325
7325 7324
7324 7323
7323 7322
7322 7321
7321 7320
7320 7319
7319 7318
7318 7392
7391 7390
7390 7389
7389 7388
7388 7387
7387 7386
7386 7385
7385 7384
7384 7383
7383 7382
7382 7381
7381 7380
7380 7379
7379 7378
7378 7377
7377 7376
7376 7375
7375 7374
7374 7373
7373 7372
7372 7371
7371 7370
7370 7369
7369 7368
7368 7367
7367 7366
7366 7365
7365 7364
7364 7363
7363 7362
7362 7361
7361 7360
7360 7359
7359 7358
7358 7357
7357 7356
7356 7355
7355 7354
7354 7353
7353 7352
7352 7351
7351 7350
7350 7349
7349 7348
7348 7347
7347 7346
7346 7345
7345 7344
7344 7343
7343 7342
7342 7341
7341 7340
7340 7339
7339 7338
7338 7337
7337 7336
7336 7335
7335 7334
7334 7333
7333 7332
7332 7331
7331 7330
7330 7329
7329 7328
7328 7327
7327 7326
7326 7325
7325 7324
7324 7323
7323 7322
7322 7321
7321 7320
7320 7319
7319 7318
7318 7393
7392 7391
7391 7390
7390 7389
7389 7388
7388 7387
7387 7386
7386 7385
7385 7384
7384 7383
7383 7382
7382 7381
7381 7380
7380 7379
7379 7378
7378 7377
7377 7376
7376 7375
7375 7374
7374 7373
7373 7372
7372 7371
7371 7370
7370 7369
7369 7368
7368 7367
7367 7366
7366 7365
7365 7364
7364 7363
7363 7362
7362 7361
7361 7360
7360 7359
7359 7358
7358 7357
7357 7356
7356 7355
7355 7354
7354 7353
7353 7352
7352 7351
7351 7350
7350 7349
7349 7348
7348 7347
7347 7346
7346 7345
7345 7344
7344 7343
7343 7342
7342 7341
7341 7340
7340 7339
7339 7338
7338 7337
7337 7336
7336 7335
7335 7334
7334 7333
7333 7332
7332 7331
7331 7330
7330 7329
7329 7328
7328 7327
7327 7326
7326 7325
7325 7324
7324 7323
7323 7322
7322 7321
7321 7320
7320 7319
7319 7318
7318 7394
7393 7392
7392 7391
7391 7390
7390 7389
7389 7388
7388 7387
7387 7386
7386 7385
7385 7384
7384 7383
7383 7382
7382 7381
7381 7380
7380 7379
7379 7378
7378 7377
7377 7376
7376 7375
7375 7374
7374 7373
7373 7372
7372 7371
7371 7370
7370 7369
7369 7368
7368 7367
7367 7366
7366 7365
7365 7364
7364 7363
7363 7362
7362 7361
7361 7360
7360 7359
7359 7358
7358 7357
7357 7356
7356 7355
7355 7354
7354 7353
7353 7352
7352 7351
7351 7350
7350 7349
7349 7348
7348 7347
7347 7346
7346 7345
7345 7344
7344 7343
7343 7342
7342 7341
7341 7340
7340 7339
7339 7338
7338 7337
7337 7336
7336 7335
7335 7334
7334 7333
7333 7332
7332 7331
7331 7330
7330 7329
7329 7328
7328 7327
7327 7326
7326 7325
7325 7324
7324 7323
7323 7322
7322 7321
7321 7320
7320 7319
7319 7318
7318 7395
7394 7393
7393 7392
7392 7391
7391 7390
7390 7389
7389 7388
7388 7387
7387 7386
7386 7385
7385 7384
7384 7383
7383 7382
7382 7381
7381 7380
7380 7379
7379 7378
7378 7377
7377 7376
7376 7375
7375 7374
7374 7373
7373 7372
7372 7371
7371 7370
7370 7369
7369 7368
7368 7367
7367 7366
7366 7365
7365 7364
7364 7363
7363 7362
7362 7361
7361 7360
7360 7359
7359 7358
7358 7357
7357 7356
7356 7355
7355 7354
7354 7353
7353 7352
7352 7351
7351 7350
7350 7349
7349 7348
7348 7347
7347 7346
7346 7345
7345 7344
7344 7343
7343 7342
7342 7341
7341 7340
7340 7339
7339 7338
7338 7337
7337 7336
7336 7335
7335 7334
7334 7333
7333 7332
7332 7331
7331 7330
7330 7329
7329 7328
7328 7327
7327 7326
7326 7325
7325 7324
7324 7323
7323 7322
7322 7321
7321 7320
7320 7319
7319 7318
7318 7396
7395 7394
7394 7393
7393 7392
7392 7391
7391 7390
7390 7389
7389 7388
7388 7387
7387 7386
7386 7385
7385 7384
7384 7383
7383 7382
7382 7381
7381 7380
7380 7379
7379 7378
7378 7377
7377 7376
7376 7375
7375 7374
7374 7373
7373 7372
7372 7371
7371 7370
7370 7369
7369 7368
7368 7367
7367 7366
7366 7365
7365 7364
7364 7363
7363 7362
7362 7361
7361 7360
7360 7359
7359 7358
7358 7357
7357 7356
7356 7355
7355 7354
7354 7353
7353 7352
7352 7351
7351 7350
7350 7349
7349 7348
7348 7347
7347 7346
7346 7345
7345 7344
7344 7343
7343 7342
7342 7341
7341 7340
7340 7339
7339 7338
7338 7337
7337 7336
7336 7335
7335 7334
7334 7333
7333 7332
7332 7331
7331 7330
7330 7329
7329 7328
7328 7327
7327 7326
7326 7325
7325 7324
7324 7323
7323 7322
7322 7321
7321 7320
7320 7319
7319 7318
7318 7397
7396 7395
7395 7394
7394 7393
7393 7392
7392 7391
7391 7390
7390 7389
7389 7388
7388 7387
7387 7386
7386 7385
7385 7384
7384 7383
7383 7382
7382 7381
7381 7380
7380 7379
7379 7378
7378 7377
7377 7376
7376 7375
7375 7374
7374 7373
7373 7372
7372 7371
7371 7370
7370 7369
7369 7368
7368 7367
7367 7366
7366 7365
7365 7364
7364 7363
7363 7362
7362 7361
7361 7360
7360 7359
7359 7358
7358 7357
7357 7356
7356 7355
7355 7354
7354 7353
7353 7352
7352 7351
7351 7350
7350 7349
7349 7348
7348 7347
7347 7346
7346 7345
7345 7344
7344 7343
7343 7342
7342 7341
7341 7340
7340 7339
7339 7338
7338 7337
7337 7336
7336 7335
7335 7334
7334 7333
7333 7332
7332 7331
7331 7330
7330 7329
7329 7328
7328 7327
7327 7326
7326 7325
7325 7324
7324 7323
7323 7322
7322 7321
7321 7320
7320 7319
7319 7318
7318 7398
7397 7396
7396 7395
7395 7394
7394 7393
7393 7392
7392 7391
7391 7390
7390 7389
7389 7388
7388 7387
7387 7386
7386 7385
7385 7384
7384 7383
7383 7382
7382 7381
7381 7380
7380 7379
7379 7378
7378 7377
7377 7376
7376 7375
7375 7374
7374 7373
7373 7372
7372 7371
7371 7370
7370 7369
7369 7368
7368 7367
7367 7366
7366 7365
7365 7364
7364 7363
7363 7362
7362 7361
7361 7360
7360 7359
7359 7358
7358 7357
7357 7356
7356 7355
7355 7354
7354 7353
7353 7352
7352 7351
7351 7350
7350 7349
7349 7348
7348 7347
7347 7346
7346 7345
7345 7344
7344 7343
7343 7342
7342 7341
7341 7340
7340 7339
7339 7338
7338 7337
7337 7336
7336 7335
7335 7334
7334 7333
7333 7332
7332 7331
7331 7330
7330 7329
7329 7328
7328 7327
7327 7326
7326 7325
7325 7324
7324 7323
7323 7322
7322 7321
7321 7320
7320 7319
7319 7318
7318 7399
7398 7397
7397 7396
7396 7395
7395 7394
7394 7393
7393 7392
7392 7391
7391 7390
7390 7389
7389 7388
7388 7387
7387 7386
7386 7385
7385 7384
7384 7383
7383 7382
7382 7381
7381 7380
7380 7379
7379 7378
7378 7377
7377 7376
7376 7375
7375 7374
7374 7373
7373 7372
7372 7371
7371 7370
7370 7369
7369 7368
7368 7367
7367 7366
7366 7365
7365 7364
7364 7363
7363 7362
7362 7361
7361 7360
7360 7359
7359 7358
7358 7357
7357 7356
7356 7355
7355 7354
7354 7353
7353 7352
7352 7351
7351 7350
7350 7349
7349 7348
7348 7347
7347 7346
7346 7345
7345 7344
7344 7343
7343 7342
7342 7341
7341 7340
7340 7339
7339 7338
7338 7337
7337 7336
7336 7335
7335 7334
7334 7333
7333 7332
7332 7331
7331 7330
7330 7329
7329 7328
7328 7327
7327 7326
7326 7325
7325 7324
7324 7323
7323 7322
7322 7321
7321 7320
7320 7319
7319 7318
7318 7400
7399 7398
7398 7397
7397 7396
7396 7395
7395 7394
7394 7393
7393 7392
7392 7391
7391 7390
7390 7389
7389 7388
7388 7387
7387 7386
7386 7385
7385 7384
7384 7383
7383 7382
7382 7381
7381 7380
7380 7379
7379 7378
7378 7377
7377 7376
7376 7375
7375 7374
7374 7373
7373 7372
7372 7371
7371 7370
7370 7369
7369 7368
7368 7367
7367 7366
7366 7365
7365 7364
7364 7363
7363 7362
7362 7361
7361 7360
7360 7359
7359 7358
7358 7357
7357 7356
7356 7355
7355 7354
7354 7353
7353 7352
7352 7351
7351 7350
7350 7349
7349 7348
7348 7347
7347 7346
7346 7345
7345 7344
7344 7343
7343 7342
7342 7341
7341 7340
7340 7339
7339 7338
7338 7337
7337 7336
7336 7335
7335 7334
7334 7333
7333 7332
7332 7331
7331 7330
7330 7329
7329 7328
7328 7327
7327 7326
7326 7325
7325 7324
7324 7323
7323 7322
7322 7321
7321 7320
7320 7319
7319 7318
7318 7401
7400 7399
7399 7398
7398 7397
7397 7396
7396 7395
7395 7394
7394 7393
7393 7392
7392 7391
7391 7390
7390 7389
7389 7388
7388 7387
7387 7386
7386 7385
7385 7384
7384 7383
7383 7382
7382 7381
7381 7380
7380 7379
7379 7378
7378 7377
7377 7376
7376 7375
7375 7374
7374 7373
7373 7372
7372 7371
7371 7370
7370 7369
7369 7368
7368 7367
7367 7366
7366 7365
7365 7364
7364 7363
7363 7362
7362 7361
7361 7360
7360 7359
7359 7358
7358 7357
7357 7356
7356 7355
7355 7354
7354 7353
7353 7352
7352 7351
7351 7350
7350 7349
7349 7348
7348 7347
7347 7346
7346 7345
7345 7344
7344 7343
7343 7342
7342 7341
7341 7340
7340 7339
7339 7338
7338 7337
7337 7336
7336 7335
7335 7334
7334 7333
7333 7332
7332 7331
7331 7330
7330 7329
7329 7328
7328 7327
7327 7326
7326 7325
7325 7324
7324 7323
7323 7322
7322 7321
7321 7320
7320 7319
7319 7318
7318 7402
7401 7400
7400 7399
7399 7398
7398 7397
7397 7396
7396 7395
7395 7394
7394 7393
7393 7392
7392 7391
7391 7390
7390 7389
7389 7388
7388 7387
7387 7386
7386 7385
7385 7384
7384 7383
7383 7382
7382 7381
7381 7380
7380 7379
7379 7378
7378 7377
7377 7376
7376 7375
7375 7374
7374 7373
7373 7372
7372 7371
7371 7370
7370 7369
7369 7368
7368 7367
7367 7366
7366 7365
7365 7364
7364 7363
7363 7362
7362 7361
7361 7360
7360 7359
7359 7358
7358 7357
7357 7356
7356 7355
7355 7354
7354 7353
7353 7352
7352 7351
7351 7350
7350 7349
7349 7348
7348 7347
7347 7346
7346 7345
7345 7344
7344 7343
7343 7342
7342 7341
7341 7340
7340 7339
7339 7338
7338 7337
7337 7336
7336 7335
7335 7334
7334 7333
7333 7332
7332 7331
7331 7330
7330 7329
7329 7328
7328 7327
7327 7326
7326 7325
7325 7324
7324 7323
7323 7322
7322 7321
7321 7320
7320 7319
7319 7318
7318 7403
7402 7401
7401 7400
7400 7399
7399 7398
7398 7397
7397 7396
7396 7395
7395 7394
7394 7393
7393 7392
7392 7391
7391 7390
7390 7389
7389 7388
7388 7387
7387 7386
7386 7385
7385 7384
7384 7383
7383 7382
7382 7381
7381 7380
7380 7379
7379 7378
7378 7377
7377 7376
7376 7375
7375 7374
7374 7373
7373 7372
7372 7371
7371 7370
7370 7369
7369 7368
7368 7367
7367 7366
7366 7365
7365 7364
7364 7363
7363 7362
7362 7361
7361 7360
7360 7359
7359 7358
7358 7357
7357 7356
7356 7355
7355 7354
7354 7353
7353 7352
7352 7351
7351 7350
7350 7349
7349 7348
7348 7347
7347 7346
7346 7345
7345 7344
7344 7343
7343 7342
7342 7341
7341 7340
7340 7339
7339 7338
7338 7337
7337 7336
7336 7335
7335 7334
7334 7333
7333 7332
7332 7331
7331 7330
7330 7329
7329 7328
7328 7327
7327 7326
7326 7325
7325 7324
7324 7323
7323 7322
7322 7321
7321 7320
7320 7319
7319 7318
7318 7404
7403 7402
7402 7401
7401 7400
7400 7399
7399 7398
7398 7397
7397 7396
7396 7395
7395 7394
7394 7393
7393 7392
7392 7391
7391 7390
7390 7389
7389 7388
7388 7387
7387 7386
7386 7385
7385 7384
7384 7383
7383 7382
7382 7381
7381 7380
7380 7379
7379 7378
7378 7377
7377 7376
7376 7375
7375 7374
7374 7373
7373 7372
7372 7371
7371 7370
7370 7369
7369 7368
7368 7367
7367 7366
7366 7365
7365 7364
7364 7363
7363 7362
7362 7361
7361 7360
7360 7359
7359 7358
7358 7357
7357 7356
7356 7355
7355 7354
7354 7353
7353 7352
7352 7351
7351 7350
7350 7349
7349 7348
7348 7347
7347 7346
7346 7345
7345 7344
7344 7343
7343 7342
7342 7341
7341 7340
7340 7339
7339 7338
7338 7337
7337 7336
7336 7335
7335 7334
7334 7333
7333 7332
7332 7331
7331 7330
7330 7329
7329 7328
7328 7327
7327 7326
7326 7325
7325 7324
7324 7323
7323 7322
7322 7321
7321 7320
7320 7319
7319 7318
7318 7405
7404 7403
7403 7402
7402 7401
7401 7400
7400 7399
7399 7398
7398 7397
7397 7396
7396 7395
7395 7394
7394 7393
7393 7392
7392 7391
7391 7390
7390 7389
7389 7388
7388 7387
7387 7386
7386 7385
7385 7384
7384 7383
7383 7382
7382 7381
7381 7380
7380 7379
7379 7378
7378 7377
7377 7376
7376 7375
7375 7374
7374 7373
7373 7372
7372 7371
7371 7370
7370 7369
7369 7368
7368 7367
7367 7366
7366 7365
7365 7364
7364 7363
7363 7362
7362 7361
7361 7360
7360 7359
7359 7358
7358 7357
7357 7356
7356 7355
7355 7354
7354 7353
7353 7352
7352 7351
7351 7350
7350 7349
7349 7348
7348 7347
7347 7346
7346 7345
7345 7344
7344 7343
7343 7342
7342 7341
7341 7340
7340 7339
7339 7338
7338 7337
7337 7336
7336 7335
7335 7334
7334 7333
7333 7332
7332 7331
7331 7330
7330 7329
7329 7328
7328 7327
7327 7326
7326 7325
7325 7324
7324 7323
7323 7322
7322 7321
7321 7320
7320 7319
7319 7318
7318 7406
7405 7404
7404 7403
7403 7402
7402 7401
7401 7400
7400 7399
7399 7398
7398 7397
7397 7396
7396 7395
7395 7394
7394 7393
7393 7392
7392 7391
7391 7390
7390 7389
7389 7388
7388 7387
7387 7386
7386 7385
7385 7384
7384 7383
7383 7382
7382 7381
7381 7380
7380 7379
7379 7378
7378 7377
7377 7376
7376 7375
7375 7374
7374 7373
7373 7372
7372 7371
7371 7370
7370 7369
7369 7368
7368 7367
7367 7366
7366 7365
7365 7364
7364 7363
7363 7362
7362 7361
7361 7360
7360 7359
7359 7358
7358 7357
7357 7356
7356 7355
7355 7354
7354 7353
7353 7352
7352 7351
7351 7350
7350 7349
7349 7348
7348 7347
7347 7346
7346 7345
7345 7344
7344 7343
7343 7342
7342 7341
7341 7340
7340 7339
7339 7338
7338 7337
7337 7336
7336 7335
7335 7334
7334 7333
7333 7332
7332 7331
7331 7330
7330 7329
7329 7328
7328 7327
7327 7326
7326 7325
7325 7324
7324 7323
7323 7322
7322 7321
7321 7320
7320 7319
7319 7318
7318 7407
7406 7405
7405 7404
7404 7403
7403 7402
7402 7401
7401 7400
7400 7399
7399 7398
7398 7397
7397 7396
7396 7395
7395 7394
7394 7393
7393 7392
7392 7391
7391 7390
7390 7389
7389 7388
7388 7387
7387 7386
7386 7385
7385 7384
7384 7383
7383 7382
7382 7381
7381 7380
7380 7379
7379 7378
7378 7377
7377 7376
7376 7375
7375 7374
7374 7373
7373 7372
7372 7371
7371 7370
7370 7369
7369 7368
7368 7367
7367 7366
7366 7365
7365 7364
7364 7363
7363 7362
7362 7361
7361 7360
7360 7359
7359 7358
7358 7357
7357 7356
7356 7355
7355 7354
7354 7353
7353 7352
7352 7351
7351 7350
7350 7349
7349 7348
7348 7347
7347 7346
7346 7345
7345 7344
7344 7343
7343 7342
7342 7341
7341 7340
7340 7339
7339 7338
7338 7337
7337 7336
7336 7335
7335 7334
7334 7333
7333 7332
7332 7331
7331 7330
7330 7329
7329 7328
7328 7327
7327 7326
7326 7325
7325 7324
7324 7323
7323 7322
7322 7321
7321 7320
7320 7319
7319 7318
7318 7408
7407 7406
7406 7405
7405 7404
7404 7403
7403 7402
7402 7401
7401 7400
7400 7399
7399 7398
7398 7397
7397 7396
7396 7395
7395 7394
7394 7393
7393 7392
7392 7391
7391 7390
7390 7389
7389 7388
7388 7387
7387 7386
7386 7385
7385 7384
7384 7383
7383 7382
7382 7381
7381 7380
7380 7379
7379 7378
7378 7377
7377 7376
7376 7375
7375 7374
7374 7373
7373 7372
7372 7371
7371 7370
7370 7369
7369 7368
7368 7367
7367 7366
7366 7365
7365 7364
7364 7363
7363 7362
7362 7361
7361 7360
7360 7359
7359 7358
7358 7357
7357 7356
7356 7355
7355 7354
7354 7353
7353 7352
7352 7351
7351 7350
7350 7349
7349 7348
7348 7347
7347 7346
7346 7345
7345 7344
7344 7343
7343 7342
7342 7341
7341 7340
7340 7339
7339 7338
7338 7337
7337 7336
7336 7335
7335 7334
7334 7333
7333 7332
7332 7331
7331 7330
7330 7329
7329 7328
7328 7327
7327 7326
7326 7325
7325 7324
7324 7323
7323 7322
7322 7321
7321 7320
7320 7319
7319 7318
7318 7409
7408 7407
7407 7406
7406 7405
7405 7404
7404 7403
7403 7402
7402 7401
7401 7400
7400 7399
7399 7398
7398 7397
7397 7396
7396 7395
7395 7394
7394 7393
7393 7392
7392 7391
7391 7390
7390 7389
7389 7388
7388 7387
7387 7386
7386 7385
7385 7384
7384 7383
7383 7382
7382 7381
7381 7380
7380 7379
7379 7378
7378 7377
7377 7376
7376 7375
7375 7374
7374 7373
7373 7372
7372 7371
7371 7370
7370 7369
7369 7368
7368 7367
7367 7366
7366 7365
7365 7364
7364 7363
7363 7362
7362 7361
7361 7360
7360 7359
7359 7358
7358 7357
7357 7356
7356 7355
7355 7354
7354 7353
7353 7352
7352 7351
7351 7350
7350 7349
7349 7348
7348 7347
7347 7346
7346 7345
7345 7344
7344 7343
7343 7342
7342 7341
7341 7340
7340 7339
7339 7338
7338 7337
7337 7336
7336 7335
7335 7334
7334 7333
7333 7332
7332 7331
7331 7330
7330 7329
7329 7328
7328 7327
7327 7326
7326 7325
7325 7324
7324 7323
7323 7322
7322 7321
7321 7320
7320 7319
7319 7318
7318 7410
7409 7408
7408 7407
7407 7406
7406 7405
7405 7404
7404 7403
7403 7402
7402 7401
7401 7400
7400 7399
7399 7398
7398 7397
7397 7396
7396 7395
7395 7394
7394 7393
7393 7392
7392 7391
7391 7390
7390 7389
7389 7388
7388 7387
7387 7386
7386 7385
7385 7384
7384 7383
7383 7382
7382 7381
7381 7380
7380 7379
7379 7378
7378 7377
7377 7376
7376 7375
7375 7374
7374 7373
7373 7372
7372 7371
7371 7370
7370 7369
7369 7368
7368 7367
7367 7366
7366 7365
7365 7364
7364 7363
7363 7362
7362 7361
7361 7360
7360 7359
7359 7358
7358 7357
7357 7356
7356 7355
7355 7354
7354 7353
7353 7352
7352 7351
7351 7350
7350 7349
7349 7348
7348 7347
7347 7346
7346 7345
7345 7344
7344 7343
7343 7342
7342 7341
7341 7340
7340 7339
7339 7338
7338 7337
7337 7336
7336 7335
7335 7334
7334 7333
7333 7332
7332 7331
7331 7330
7330 7329
7329 7328
7328 7327
7327 7326
7326 7325
7325 7324
7324 7323
7323 7322
7322 7321
7321 7320
7320 7319
7319 7318
7318 7411
7410 7409
7409 7408
7408 7407
7407 7406
7406 7405
7405 7404
7404 7403
7403 7402
7402 7401
7401 7400
7400 7399
7399 7398
7398 7397
7397 7396
7396 7395
7395 7394
7394 7393
7393 7392
7392 7391
7391 7390
7390 7389
7389 7388
7388 7387
7387 7386
7386 7385
7385 7384
7384 7383
7383 7382
7382 7381
7381 7380
7380 7379
7379 7378
7378 7377
7377 7376
7376 7375
7375 7374
7374 7373
7373 7372
7372 7371
7371 7370
7370 7369
7369 7368
7368 7367
7367 7366
7366 7365
7365 7364
7364 7363
7363 7362
7362 7361
7361 7360
7360 7359
7359 7358
7358 7357
7357 7356
7356 7355
7355 7354
7354 7353
7353 7352
7352 7351
7351 7350
7350 7349
7349 7348
7348 7347
7347 7346
7346 7345
7345 7344
7344 7343
7343 7342
7342 7341
7341 7340
7340 7339
7339 7338
7338 7337
7337 7336
7336 7335
7335 7334
7334 7333
7333 7332
7332 7331
7331 7330
7330 7329
7329 7328
7328 7327
7327 7326
7326 7325
7325 7324
7324 7323
7323 7322
7322 7321
7321 7320
7320 7319
7319 7318
7318 7412
7411 7410
7410 7409
7409 7408
7408 7407
7407 7406
7406 7405
7405 7404
7404 7403
7403 7402
7402 7401
7401 7400
7400 7399
7399 7398
7398 7397
7397 7396
7396 7395
7395 7394
7394 7393
7393 7392
7392 7391
7391 7390
7390 7389
7389 7388
7388 7387
7387 7386
7386 7385
7385 7384
7384 7383
7383 7382
7382 7381
7381 7380
7380 7379
7379 7378
7378 7377
7377 7376
7376 7375
7375 7374
7374 7373
7373 7372
7372 7371
7371 7370
7370 7369
7369 7368
7368 7367
7367 7366
7366 7365
7365 7364
7364 7363
7363 7362
7362 7361
7361 7360
7360 7359
7359 7358
7358 7357
7357 7356
7356 7355
7355 7354
7354 7353
7353 7352
7352 7351
7351 7350
7350 7349
7349 7348
7348 7347
7347 7346
7346 7345
7345 7344
7344 7343
7343 7342
7342 7341
7341 7340
7340 7339
7339 7338
7338 7337
7337 7336
7336 7335
7335 7334
7334 7333
7333 7332
7332 7331
7331 7330
7330 7329
7329 7328
7328 7327
7327 7326
7326 7325
7325 7324
7324 7323
7323 7322
7322 7321
7321 7320
7320 7319
7319 7318
7318 7413
7412 7411
7411 7410
7410 7409
7409 7408
7408 7407
7407 7406
7406 7405
7405 7404
7404 7403
7403 7402
7402 7401
7401 7400
7400 7399
7399 7398
7398 7397
7397 7396
7396 7395
7395 7394
7394 7393
7393 7392
7392 7391
7391 7390
7390 7389
7389 7388
7388 7387
7387 7386
7386 7385
7385 7384
7384 7383
7383 7382
7382 7381
7381 7380
7380 7379
7379 7378
7378 7377
7377 7376
7376 7375
7375 7374
7374 7373
7373 7372
7372 7371
7371 7370
7370 7369
7369 7368
7368 7367
7367 7366
7366 7365
7365 7364
7364 7363
7363 7362
7362 7361
7361 7360
7360 7359
7359 7358
7358 7357
7357 7356
7356 7355
7355 7354
7354 7353
7353 7352
7352 7351
7351 7350
7350 7349
7349 7348
7348 7347
7347 7346
7346 7345
7345 7344
7344 7343
7343 7342
7342 7341
7341 7340
7340 7339
7339 7338
7338 7337
7337 7336
7336 7335
7335 7334
7334 7333
7333 7332
7332 7331
7331 7330
7330 7329
7329 7328
7328 7327
7327 7326
7326 7325
7325 7324
7324 7323
7323 7322
7322 7321
7321 7320
7320 7319
7319 7318
7318 7414
7413 7412
7412 7411
7411 7410
7410 7409
7409 7408
7408 7407
7407 7406
7406 7405
7405 7404
7404 7403
7403 7402
7402 7401
7401 7400
7400 7399
7399 7398
7398 7397
7397 7396
7396 7395
7395 7394
7394 7393
7393 7392
7392 7391
7391 7390
7390 7389
7389 7388
7388 7387
7387 7386
7386 7385
7385 7384
7384 7383
7383 7382
7382 7381
7381 7380
7380 7379
7379 7378
7378 7377
7377 7376
7376 7375
7375 7374
7374 7373
7373 7372
7372 7371
7371 7370
7370 7369
7369 7368
7368 7367
7367 7366
7366 7365
7365 7364
7364 7363
7363 7362
7362 7361
7361 7360
7360 7359
7359 7358
7358 7357
7357 7356
7356 7355
7355 7354
7354 7353
7353 7352
7352 7351
7351 7350
7350 7349
7349 7348
7348 7347
7347 7346
7346 7345
7345 7344
7344 7343
7343 7342
7342 7341
7341 7340
7340 7339
7339 7338
7338 7337
7337 7336
7336 7335
7335 7334
7334 7333
7333 7332
7332 7331
7331 7330
7330 7329
7329 7328
7328 7327
7327 7326
7326 7325
7325 7324
7324 7323
7323 7322
7322 7321
7321 7320
7320 7319
7319 7318
7318 7415
7414 7413
7413 7412
7412 7411
7411 7410
7410 7409
7409 7408
7408 7407
7407 7406
7406 7405
7405 7404
7404 7403
7403 7402
7402 7401
7401 7400
7400 7399
7399 7398
7398 7397
7397 7396
7396 7395
7395 7394
7394 7393
7393 7392
7392 7391
7391 7390
7390 7389
7389 7388
7388 7387
7387 7386
7386 7385
7385 7384
7384 7383
7383 7382
7382 7381
7381 7380
7380 7379
7379 7378
7378 7377
7377 7376
7376 7375
7375 7374
7374 7373
7373 7372
7372 7371
7371 7370
7370 7369
7369 7368
7368 7367
7367 7366
7366 7365
7365 7364
7364 7363
7363 7362
7362 7361
7361 7360
7360 7359
7359 7358
7358 7357
7357 7356
7356 7355
7355 7354
7354 7353
7353 7352
7352 7351
7351 7350
7350 7349
7349 7348
7348 7347
7347 7346
7346 7345
7345 7344
7344 7343
7343 7342
7342 7341
7341 7340
7340 7339
7339 7338
7338 7337
7337 7336
7336 7335
7335 7334
7334 7333
7333 7332
7332 7331
7331 7330
7330 7329
7329 7328
7328 7327
7327 7326
7326 7325
7325 7324
7324 7323
7323 7322
7322 7321
7321 7320
7320 7319
7319 7318
7318 7416
7415 7414
7414 7413
7413 7412
7412 7411
7411 7410
7410 7409
7409 7408
7408 7407
7407 7406
7406 7405
7405 7404
7404 7403
7403 7402
7402 7401
7401 7400
7400 7399
7399 7398
7398 7397
7397 7396
7396 7395
7395 7394
7394 7393
7393 7392
7392 7391
7391 7390
7390 7389
7389 7388
7388 7387
7387 7386
7386 7385
7385 7384
7384 7383
7383 7382
7382 7381
7381 7380
7380 7379
7379 7378
7378 7377
7377 7376
7376 7375
7375 7374
7374 7373
7373 7372
7372 7371
7371 7370
7370 7369
7369 7368
7368 7367
7367 7366
7366 7365
7365 7364
7364 7363
7363 7362
7362 7361
7361 7360
7360 7359
7359 7358
7358 7357
7357 7356
7356 7355
7355 7354
7354 7353
7353 7352
7352 7351
7351 7350
7350 7349
7349 7348
7348 7347
7347 7346
7346 7345
7345 7344
7344 7343
7343 7342
7342 7341
7341 7340
7340 7339
7339 7338
7338 7337
7337 7336
7336 7335
7335 7334
7334 7333
7333 7332
7332 7331
7331 7330
7330 7329
7329 7328
7328 7327
7327 7326
7326 7325
7325 7324
7324 7323
7323 7322
7322 7321
7321 7320
7320 7319
7319 7318
7318 7417
7416 7415
7415 7414
7414 7413
7413 7412
7412 7411
7411 7410
7410 7409
7409 7408
7408 7407
7407 7406
7406 7405
7405 7404
7404 7403
7403 7402
7402 7401
7401 7400
7400 7399
7399 7398
7398 7397
7397 7396
7396 7395
7395 7394
7394 7393
7393 7392
7392 7391
7391 7390
7390 7389
7389 7388
7388 7387
7387 7386
7386 7385
7385 7384
7384 7383
7383 7382
7382 7381
7381 7380
7380 7379
7379 7378
7378 7377
7377 7376
7376 7375
7375 7374
7374 7373
7373 7372
7372 7371
7371 7370
7370 7369
7369 7368
7368 7367
7367 7366
7366 7365
7365 7364
7364 7363
7363 7362
7362 7361
7361 7360
7360 7359
7359 7358
7358 7357
7357 7356
7356 7355
7355 7354
7354 7353
7353 7352
7352 7351
7351 7350
7350 7349
7349 7348
7348 7347
7347 7346
7346 7345
7345 7344
7344 7343
7343 7342
7342 7341
7341 7340
7340 7339
7339 7338
7338 7337
7337 7336
7336 7335
7335 7334
7334 7333
7333 7332
7332 7331
7331 7330
7330 7329
7329 7328
7328 7327
7327 7326
7326 7325
7325 7324
7324 7323
7323 7322
7322 7321
7321 7320
7320 7319
7319 7318
7318 7418
7417 7416
7416 7415
7415 7414
7414 7413
7413 7412
7412 7411
7411 7410
7410 7409
7409 7408
7408 7407
7407 7406
7406 7405
7405 7404
7404 7403
7403 7402
7402 7401
7401 7400
7400 7399
7399 7398
7398 7397
7397 7396
7396 7395
7395 7394
7394 7393
7393 7392
7392 7391
7391 7390
7390 7389
7389 7388
7388 7387
7387 7386
7386 7385
7385 7384
7384 7383
7383 7382
7382 7381
7381 7380
7380 7379
7379 7378
7378 7377
7377 7376
7376 7375
7375 7374
7374 7373
7373 7372
7372 7371
7371 7370
7370 7369
7369 7368
7368 7367
7367 7366
7366 7365
7365 7364
7364 7363
7363 7362
7362 7361
7361 7360
7360 7359
7359 7358
7358 7357
7357 7356
7356 7355
7355 7354
7354 7353
7353 7352
7352 7351
7351 7350
7350 7349
7349 7348
7348 7347
7347 7346
7346 7345
7345 7344
7344 7343
7343 7342
7342 7341
7341 7340
7340 7339
7339 7338
7338 7337
7337 7336
7336 7335
7335 7334
7334 7333
7333 7332
7332 7331
7331 7330
7330 7329
7329 7328
7328 7327
7327 7326
7326 7325
7325 7324
7324 7323
7323 7322
7322 7321
7321 7320
7320 7319
7319 7318
7318 7419
7418 7417
7417 7416
7416 7415
7415 7414
7414 7413
7413 7412
7412 7411
7411 7410
7410 7409
7409 7408
7408 7407
7407 7406
7406 7405
7405 7404
7404 7403
7403 7402
7402 7401
7401 7400
7400 7399
7399 7398
7398 7397
7397 7396
7396 7395
7395 7394
7394 7393
7393 7392
7392 7391
7391 7390
7390 7389
7389 7388
7388 7387
7387 7386
7386 7385
7385 7384
7384 7383
7383 7382
7382 7381
7381 7380
7380 7379
7379 7378
7378 7377
7377 7376
7376 7375
7375 7374
7374 7373
7373 7372
7372 7371
7371 7370
7370 7369
7369 7368
7368 7367
7367 7366
7366 7365
7365 7364
7364 7363
7363 7362
7362 7361
7361 7360
7360 7359
7359 7358
7358 7357
7357 7356
7356 7355
7355 7354
7354 7353
7353 7352
7352 7351
7351 7350
7350 7349
7349 7348
7348 7347
7347 7346
7346 7345
7345 7344
7344 7343
7343 7342
7342 7341
7341 7340
7340 7339
7339 7338
7338 7337
7337 7336
7336 7335
7335 7334
7334 7333
7333 7332
7332 7331
7331 7330
7330 7329
7329 7328
7328 7327
7327 7326
7326 7325
7325 7324
7324 7323
7323 7322
7322 7321
7321 7320
7320 7319
7319 7318
7318 7420
7419 7418
7418 7417
7417 7416
7416 7415
7415 7414
7414 7413
7413 7412
7412 7411
7411 7410
7410 7409
7409 7408
7408 7407
7407 7406
7406 7405
7405 7404
7404 7403
7403 7402
7402 7401
7401 7400
7400 7399
7399 7398
7398 7397
7397 7396
7396 7395
7395 7394
7394 7393
7393 7392
7392 7391
7391 7390
7390 7389
7389 7388
7388 7387
7387 7386
7386 7385
7385 7384
7384 7383
7383 7382
7382 7381
7381 7380
7380 7379
7379 7378
7378 7377
7377 7376
7376 7375
7375 7374
7374 7373
7373 7372
7372 7371
7371 7370
7370 7369
7369 7368
7368 7367
7367 7366
7366 7365
7365 7364
7364 7363
7363 7362
7362 7361
7361 7360
7360 7359
7359 7358
7358 7357
7357 7356
7356 7355
7355 7354
7354 7353
7353 7352
7352 7351
7351 7350
7350 7349
7349 7348
7348 7347
7347 7346
7346 7345
7345 7344
7344 7343
7343 7342
7342 7341
7341 7340
7340 7339
7339 7338
7338 7337
7337 7336
7336 7335
7335 7334
7334 7333
7333 7332
7332 7331
7331 7330
7330 7329
7329 7328
7328 7327
7327 7326
7326 7325
7325 7324
7324 7323
7323 7322
7322 7321
7321 7320
7320 7319
7319 7318
7318 7421
7420 7419
7419 7418
7418 7417
7417 7416
7416 7415
7415 7414
7414 7413
7413 7412
7412 7411
7411 7410
7410 7409
7409 7408
7408 7407
7407 7406
7406 7405
7405 7404
7404 7403
7403 7402
7402 7401
7401 7400
7400 7399
7399 7398
7398 7397
7397 7396
7396 7395
7395 7394
7394 7393
7393 7392
7392 7391
7391 7390
7390 7389
7389 7388
7388 7387
7387 7386
7386 7385
7385 7384
7384 7383
7383 7382
7382 7381
7381 7380
7380 7379
7379 7378
7378 7377
7377 7376
7376 7375
7375 7374
7374 7373
7373 7372
7372 7371
7371 7370
7370 7369
7369 7368
7368 7367
7367 7366
7366 7365
7365 7364
7364 7363
7363 7362
7362 7361
7361 7360
7360 7359
7359 7358
7358 7357
7357 7356
7356 7355
7355 7354
7354 7353
7353 7352
7352 7351
7351 7350
7350 7349
7349 7348
7348 7347
7347 7346
7346 7345
7345 7344
7344 7343
7343 7342
7342 7341
7341 7340
7340 7339
7339 7338
7338 7337
7337 7336
7336 7335
7335 7334
7334 7333
7333 7332
7332 7331
7331 7330
7330 7329
7329 7328
7328 7327
7327 7326
7326 7325
7325 7324
7324 7323
7323 7322
7322 7321
7321 7320
7320 7319
7319 7318
7318 7422
7421 7420
7420 7419
7419 7418
7418 7417
7417 7416
7416 7415
7415 7414
7414 7413
7413 7412
7412 7411
7411 7410
7410 7409
7409 7408
7408 7407
7407 7406
7406 7405
7405 7404
7404 7403
7403 7402
7402 7401
7401 7400
7400 7399
7399 7398
7398 7397
7397 7396
7396 7395
7395 7394
7394 7393
7393 7392
7392 7391
7391 7390
7390 7389
7389 7388
7388 7387
7387 7386
7386 7385
7385 7384
7384 7383
7383 7382
7382 7381
7381 7380
7380 7379
7379 7378
7378 7377
7377 7376
7376 7375
7375 7374
7374 7373
7373 7372
7372 7371
7371 7370
7370 7369
7369 7368
7368 7367
7367 7366
7366 7365
7365 7364
7364 7363
7363 7362
7362 7361
7361 7360
7360 7359
7359 7358
7358 7357
7357 7356
7356 7355
7355 7354
7354 7353
7353 7352
7352 7351
7351 7350
7350 7349
7349 7348
7348 7347
7347 7346
7346 7345
7345 7344
7344 7343
7343 7342
7342 7341
7341 7340
7340 7339
7339 7338
7338 7337
7337 7336
7336 7335
7335 7334
7334 7333
7333 7332
7332 7331
7331 7330
7330 7329
7329 7328
7328 7327
7327 7326
7326 7325
7325 7324
7324 7323
7323 7322
7322 7321
7321 7320
7320 7319
7319 7318
7318 7423
7422 7421
7421 7420
7420 7419
7419 7418
7418 7417
7417 7416
7416 7415
7415 7414
7414 7413
7413 7412
7412 7411
7411 7410
7410 7409
7409 7408
7408 7407
7407 7406
7406 7405
7405 7404
7404 7403
7403 7402
7402 7401
7401 7400
7400 7399
7399 7398
7398 7397
7397 7396
7396 7395
7395 7394
7394 7393
7393 7392
7392 7391
7391 7390
7390 7389
7389 7388
7388 7387
7387 7386
7386 7385
7385 7384
7384 7383
7383 7382
7382 7381
7381 7380
7380 7379
7379 7378
7378 7377
7377 7376
7376 7375
7375 7374
7374 7373
7373 7372
7372 7371
7371 7370
7370 7369
7369 7368
7368 7367
7367 7366
7366 7365
7365 7364
7364 7363
7363 7362
7362 7361
7361 7360
7360 7359
7359 7358
7358 7357
7357 7356
7356 7355
7355 7354
7354 7353
7353 7352
7352 7351
7351 7350
7350 7349
7349 7348
7348 7347
7347 7346
7346 7345
7345 7344
7344 7343
7343 7342
7342 7341
7341 7340
7340 7339
7339 7338
7338 7337
7337 7336
7336 7335
7335 7334
7334 7333
7333 7332
7332 7331
7331 7330
7330 7329
7329 7328
7328 7327
7327 7326
7326 7325
7325 7324
7324 7323
7323 7322
7322 7321
7321 7320
7320 7319
7319 7318
7318 7424
7423 7422
7422 7421
7421 7420
7420 7419
7419 7418
7418 7417
7417 7416
7416 7415
7415 7414
7414 7413
7413 7412
7412 7411
7411 7410
7410 7409
7409 7408
7408 7407
7407 7406
7406 7405
7405 7404
7404 7403
7403 7402
7402 7401
7401 7400
7400 7399
7399 7398
7398 7397
7397 7396
7396 7395
7395 7394
7394 7393
7393 7392
7392 7391
7391 7390
7390 7389
7389 7388
7388 7387
7387 7386
7386 7385
7385 7384
7384 7383
7383 7382
7382 7381
7381 7380
7380 7379
7379 7378
7378 7377
7377 7376
7376 7375
7375 7374
7374 7373
7373 7372
7372 7371
7371 7370
7370 7369
7369 7368
7368 7367
7367 7366
7366 7365
7365 7364
7364 7363
7363 7362
7362 7361
7361 7360
7360 7359
7359 7358
7358 7357
7357 7356
7356 7355
7355 7354
7354 7353
7353 7352
7352 7351
7351 7350
7350 7349
7349 7348
7348 7347
7347 7346
7346 7345
7345 7344
7344 7343
7343 7342
7342 7341
7341 7340
7340 7339
7339 7338
7338 7337
7337 7336
7336 7335
7335 7334
7334 7333
7333 7332
7332 7331
7331 7330
7330 7329
7329 7328
7328 7327
7327 7326
7326 7325
7325 7324
7324 7323
7323 7322
7322 7321
7321 7320
7320 7319
7319 7318
7318 7425
7424 7423
7423 7422
7422 7421
7421 7420
7420 7419
7419 7418
7418 7417
7417 7416
7416 7415
7415 7414
7414 7413
7413 7412
7412 7411
7411 7410
7410 7409
7409 7408
7408 7407
7407 7406
7406 7405
7405 7404
7404 7403
7403 7402
7402 7401
7401 7400
7400 7399
7399 7398
7398 7397
7397 7396
7396 7395
7395 7394
7394 7393
7393 7392
7392 7391
7391 7390
7390 7389
7389 7388
7388 7387
7387 7386
7386 7385
7385 7384
7384 7383
7383 7382
7382 7381
7381 7380
7380 7379
7379 7378
7378 7377
7377 7376
7376 7375
7375 7374
7374 7373
7373 7372
7372 7371
7371 7370
7370 7369
7369 7368
7368 7367
7367 7366
7366 7365
7365 7364
7364 7363
7363 7362
7362 7361
7361 7360
7360 7359
7359 7358
7358 7357
7357 7356
7356 7355
7355 7354
7354 7353
7353 7352
7352 7351
7351 7350
7350 7349
7349 7348
7348 7347
7347 7346
7346 7345
7345 7344
7344 7343
7343 7342
7342 7341
7341 7340
7340 7339
7339 7338
7338 7337
7337 7336
7336 7335
7335 7334
7334 7333
7333 7332
7332 7331
7331 7330
7330 7329
7329 7328
7328 7327
7327 7326
7326 7325
7325 7324
7324 7323
7323 7322
7322 7321
7321 7320
7320 7319
7319 7318
7318 7426
7425 7424
7424 7423
7423 7422
7422 7421
7421 7420
7420 7419
7419 7418
7418 7417
7417 7416
7416 7415
7415 7414
7414 7413
7413 7412
7412 7411
7411 7410
7410 7409
7409 7408
7408 7407
7407 7406
7406 7405
7405 7404
7404 7403
7403 7402
7402 7401
7401 7400
7400 7399
7399 7398
7398 7397
7397 7396
7396 7395
7395 7394
7394 7393
7393 7392
7392 7391
7391 7390
7390 7389
7389 7388
7388 7387
7387 7386
7386 7385
7385 7384
7384 7383
7383 7382
7382 7381
7381 7380
7380 7379
7379 7378
7378 7377
7377 7376
7376 7375
7375 7374
7374 7373
7373 7372
7372 7371
7371 7370
7370 7369
7369 7368
7368 7367
7367 7366
7366 7365
7365 7364
7364 7363
7363 7362
7362 7361
7361 7360
7360 7359
7359 7358
7358 7357
7357 7356
7356 7355
7355 7354
7354 7353
7353 7352
7352 7351
7351 7350
7350 7349
7349 7348
7348 7347
7347 7346
7346 7345
7345 7344
7344 7343
7343 7342
7342 7341
7341 7340
7340 7339
7339 7338
7338 7337
7337 7336
7336 7335
7335 7334
7334 7333
7333 7332
7332 7331
7331 7330
7330 7329
7329 7328
7328 7327
7327 7326
7326 7325
7325 7324
7324 7323
7323 7322
7322 7321
7321 7320
7320 7319
7319 7318
7318 7427
7426 7425
7425 7424
7424 7423
7423 7422
7422 7421
7421 7420
7420 7419
7419 7418
7418 7417
7417 7416
7416 7415
7415 7414
7414 7413
7413 7412
7412 7411
7411 7410
7410 7409
7409 7408
7408 7407
7407 7406
7406 7405
7405 7404
7404 7403
7403 7402
7402 7401
7401 7400
7400 7399
7399 7398
7398 7397
7397 7396
7396 7395
7395 7394
7394 7393
7393 7392
7392 7391
7391 7390
7390 7389
7389 7388
7388 7387
7387 7386
7386 7385
7385 7384
7384 7383
7383 7382
7382 7381
7381 7380
7380 7379
7379 7378
7378 7377
7377 7376
7376 7375
7375 7374
7374 7373
7373 7372
7372 7371
7371 7370
7370 7369
7369 7368
7368 7367
7367 7366
7366 7365
7365 7364
7364 7363
7363 7362
7362 7361
7361 7360
7360 7359
7359 7358
7358 7357
7357 7356
7356 7355
7355 7354
7354 7353
7353 7352
7352 7351
7351 7350
7350 7349
7349 7348
7348 7347
7347 7346
7346 7345
7345 7344
7344 7343
7343 7342
7342 7341
7341 7340
7340 7339
7339 7338
7338 7337
7337 7336
7336 7335
7335 7334
7334 7333
7333 7332
7332 7331
7331 7330
7330 7329
7329 7328
7328 7327
7327 7326
7326 7325
7325 7324
7324 7323
7323 7322
7322 7321
7321 7320
7320 7319
7319 7318
7318 7428
7427 7426
7426 7425
7425 7424
7424 7423
7423 7422
7422 7421
7421 7420
7420 7419
7419 7418
7418 7417
7417 7416
7416 7415
7415 7414
7414 7413
7413 7412
7412 7411
7411 7410
7410 7409
7409 7408
7408 7407
7407 7406
7406 7405
7405 7404
7404 7403
7403 7402
7402 7401
7401 7400
7400 7399
7399 7398
7398 7397
7397 7396
7396 7395
7395 7394
7394 7393
7393 7392
7392 7391
7391 7390
7390 7389
7389 7388
7388 7387
7387 7386
7386 7385
7385 7384
7384 7383
7383 7382
7382 7381
7381 7380
7380 7379
7379 7378
7378 7377
7377 7376
7376 7375
7375 7374
7374 7373
7373 7372
7372 7371
7371 7370
7370 7369
7369 7368
7368 7367
7367 7366
7366 7365
7365 7364
7364 7363
7363 7362
7362 7361
7361 7360
7360 7359
7359 7358
7358 7357
7357 7356
7356 7355
7355 7354
7354 7353
7353 7352
7352 7351
7351 7350
7350 7349
7349 7348
7348 7347
7347 7346
7346 7345
7345 7344
7344 7343
7343 7342
7342 7341
7341 7340
7340 7339
7339 7338
7338 7337
7337 7336
7336 7335
7335 7334
7334 7333
7333 7332
7332 7331
7331 7330
7330 7329
7329 7328
7328 7327
7327 7326
7326 7325
7325 7324
7324 7323
7323 7322
7322 7321
7321 7320
7320 7319
7319 7318
7318 7429
7428 7427
7427 7426
7426 7425
7425 7424
7424 7423
7423 7422
7422 7421
7421 7420
7420 7419
7419 7418
7418 7417
7417 7416
7416 7415
7415 7414
7414 7413
7413 7412
7412 7411
7411 7410
7410 7409
7409 7408
7408 7407
7407 7406
7406 7405
7405 7404
7404 7403
7403 7402
7402 7401
7401 7400
7400 7399
7399 7398
7398 7397
7397 7396
7396 7395
7395 7394
7394 7393
7393 7392
7392 7391
7391 7390
7390 7389
7389 7388
7388 7387
7387 7386
7386 7385
7385 7384
7384 7383
7383 7382
7382 7381
7381 7380
7380 7379
7379 7378
7378 7377
7377 7376
7376 7375
7375 7374
7374 7373
7373 7372
7372 7371
7371 7370
7370 7369
7369 7368
7368 7367
7367 7366
7366 7365
7365 7364
7364 7363
7363 7362
7362 7361
7361 7360
7360 7359
7359 7358
7358 7357
7357 7356
7356 7355
7355 7354
7354 7353
7353 7352
7352 7351
7351 7350
7350 7349
7349 7348
7348 7347
7347 7346
7346 7345
7345 7344
7344 7343
7343 7342
7342 7341
7341 7340
7340 7339
7339 7338
7338 7337
7337 7336
7336 7335
7335 7334
7334 7333
7333 7332
7332 7331
7331 7330
7330 7329
7329 7328
7328 7327
7327 7326
7326 7325
7325 7324
7324 7323
7323 7322
7322 7321
7321 7320
7320 7319
7319 7318
7318 7430
7429 7428
7428 7427
7427 7426
7426 7425
7425 7424
7424 7423
7423 7422
7422 7421
7421 7420
7420 7419
7419 7418
7418 7417
7417 7416
7416 7415
7415 7414
7414 7413
7413 7412
7412 7411
7411 7410
7410 7409
7409 7408
7408 7407
7407 7406
7406 7405
7405 7404
7404 7403
7403 7402
7402 7401
7401 7400
7400 7399
7399 7398
7398 7397
7397 7396
7396 7395
7395 7394
7394 7393
7393 7392
7392 7391
7391 7390
7390 7389
7389 7388
7388 7387
7387 7386
7386 7385
7385 7384
7384 7383
7383 7382
7382 7381
7381 7380
7380 7379
7379 7378
7378 7377
7377 7376
7376 7375
7375 7374
7374 7373
7373 7372
7372 7371
7371 7370
7370 7369
7369 7368
7368 7367
7367 7366
7366 7365
7365 7364
7364 7363
7363 7362
7362 7361
7361 7360
7360 7359
7359 7358
7358 7357
7357 7356
7356 7355
7355 7354
7354 7353
7353 7352
7352 7351
7351 7350
7350 7349
7349 7348
7348 7347
7347 7346
7346 7345
7345 7344
7344 7343
7343 7342
7342 7341
7341 7340
7340 7339
7339 7338
7338 7337
7337 7336
7336 7335
7335 7334
7334 7333
7333 7332
7332 7331
7331 7330
7330 7329
7329 7328
7328 7327
7327 7326
7326 7325
7325 7324
7324 7323
7323 7322
7322 7321
7321 7320
7320 7319
7319 7318
7318 7431
7430 7429
7429 7428
7428 7427
7427 7426
7426 7425
7425 7424
7424 7423
7423 7422
7422 7421
7421 7420
7420 7419
7419 7418
7418 7417
7417 7416
7416 7415
7415 7414
7414 7413
7413 7412
7412 7411
7411 7410
7410 7409
7409 7408
7408 7407
7407 7406
7406 7405
7405 7404
7404 7403
7403 7402
7402 7401
7401 7400
7400 7399
7399 7398
7398 7397
7397 7396
7396 7395
7395 7394
7394 7393
7393 7392
7392 7391
7391 7390
7390 7389
7389 7388
7388 7387
7387 7386
7386 7385
7385 7384
7384 7383
7383 7382
7382 7381
7381 7380
7380 7379
7379 7378
7378 7377
7377 7376
7376 7375
7375 7374
7374 7373
7373 7372
7372 7371
7371 7370
7370 7369
7369 7368
7368 7367
7367 7366
7366 7365
7365 7364
7364 7363
7363 7362
7362 7361
7361 7360
7360 7359
7359 7358
7358 7357
7357 7356
7356 7355
7355 7354
7354 7353
7353 7352
7352 7351
7351 7350
7350 7349
7349 7348
7348 7347
7347 7346
7346 7345
7345 7344
7344 7343
7343 7342
7342 7341
7341 7340
7340 7339
7339 7338
7338 7337
7337 7336
7336 7335
7335 7334
7334 7333
7333 7332
7332 7331
7331 7330
7330 7329
7329 7328
7328 7327
7327 7326
7326 7325
7325 7324
7324 7323
7323 7322
7322 7321
7321 7320
7320 7319
7319 7318
7318 7432
7431 7430
7430 7429
7429 7428
7428 7427
7427 7426
7426 7425
7425 7424
7424 7423
7423 7422
7422 7421
7421 7420
7420 7419
7419 7418
7418 7417
7417 7416
7416 7415
7415 7414
7414 7413
7413 7412
7412 7411
7411 7410
7410 7409
7409 7408
7408 7407
7407 7406
7406 7405
7405 7404
7404 7403
7403 7402
7402 7401
7401 7400
7400 7399
7399 7398
7398 7397
7397 7396
7396 7395
7395 7394
7394 7393
7393 7392
7392 7391
7391 7390
7390 7389
7389 7388
7388 7387
7387 7386
7386 7385
7385 7384
7384 7383
7383 7382
7382 7381
7381 7380
7380 7379
7379 7378
7378 7377
7377 7376
7376 7375
7375 7374
7374 7373
7373 7372
7372 7371
7371 7370
7370 7369
7369 7368
7368 7367
7367 7366
7366 7365
7365 7364
7364 7363
7363 7362
7362 7361
7361 7360
7360 7359
7359 7358
7358 7357
7357 7356
7356 7355
7355 7354
7354 7353
7353 7352
7352 7351
7351 7350
7350 7349
7349 7348
7348 7347
7347 7346
7346 7345
7345 7344
7344 7343
7343 7342
7342 7341
7341 7340
7340 7339
7339 7338
7338 7337
7337 7336
7336 7335
7335 7334
7334 7333
7333 7332
7332 7331
7331 7330
7330 7329
7329 7328
7328 7327
7327 7326
7326 7325
7325 7324
7324 7323
7323 7322
7322 7321
7321 7320
7320 7319
7319 7318
7318 7433
7432 7431
7431 7430
7430 7429
7429 7428
7428 7427
7427 7426
7426 7425
7425 7424
7424 7423
7423 7422
7422 7421
7421 7420
7420 7419
7419 7418
7418 7417
7417 7416
7416 7415
7415 7414
7414 7413
7413 7412
7412 7411
7411 7410
7410 7409
7409 7408
7408 7407
7407 7406
7406 7405
7405 7404
7404 7403
7403 7402
7402 7401
7401 7400
7400 7399
7399 7398
7398 7397
7397 7396
7396 7395
7395 7394
7394 7393
7393 7392
7392 7391
7391 7390
7390 7389
7389 7388
7388 7387
7387 7386
7386 7385
7385 7384
7384 7383
7383 7382
7382 7381
7381 7380
7380 7379
7379 7378
7378 7377
7377 7376
7376 7375
7375 7374
7374 7373
7373 7372
7372 7371
7371 7370
7370 7369
7369 7368
7368 7367
7367 7366
7366 7365
7365 7364
7364 7363
7363 7362
7362 7361
7361 7360
7360 7359
7359 7358
7358 7357
7357 7356
7356 7355
7355 7354
7354 7353
7353 7352
7352 7351
7351 7350
7350 7349
7349 7348
7348 7347
7347 7346
7346 7345
7345 7344
7344 7343
7343 7342
7342 7341
7341 7340
7340 7339
7339 7338
7338 7337
7337 7336
7336 7335
7335 7334
7334 7333
7333 7332
7332 7331
7331 7330
7330 7329
7329 7328
7328 7327
7327 7326
7326 7325
7325 7324
7324 7323
7323 7322
7322 7321
7321 7320
7320 7319
7319 7318
7318 7434
7433 7432
7432 7431
7431 7430
7430 7429
7429 7428
7428 7427
7427 7426
7426 7425
7425 7424
7424 7423
7423 7422
7422 7421
7421 7420
7420 7419
7419 7418
7418 7417
7417 7416
7416 7415
7415 7414
7414 7413
7413 7412
7412 7411
7411 7410
7410 7409
7409 7408
7408 7407
7407 7406
7406 7405
7405 7404
7404 7403
7403 7402
7402 7401
7401 7400
7400 7399
7399 7398
7398 7397
7397 7396
7396 7395
7395 7394
7394 7393
7393 7392
7392 7391
7391 7390
7390 7389
7389 7388
7388 7387
7387 7386
7386 7385
7385 7384
7384 7383
7383 7382
7382 7381
7381 7380
7380 7379
7379 7378
7378 7377
7377 7376
7376 7375
7375 7374
7374 7373
7373 7372
7372 7371
7371 7370
7370 7369
7369 7368
7368 7367
7367 7366
7366 7365
7365 7364
7364 7363
7363 7362
7362 7361
7361 7360
7360 7359
7359 7358
7358 7357
7357 7356
7356 7355
7355 7354
7354 7353
7353 7352
7352 7351
7351 7350
7350 7349
7349 7348
7348 7347
7347 7346
7346 7345
7345 7344
7344 7343
7343 7342
7342 7341
7341 7340
7340 7339
7339 7338
7338 7337
7337 7336
7336 7335
7335 7334
7334 7333
7333 7332
7332 7331
7331 7330
7330 7329
7329 7328
7328 7327
7327 7326
7326 7325
7325 7324
7324 7323
7323 7322
7322 7321
7321 7320
7320 7319
7319 7318
7318 7435
7434 7433
7433 7432
7432 7431
7431 7430
7430 7429
7429 7428
7428 7427
7427 7426
7426 7425
7425 7424
7424 7423
7423 7422
7422 7421
7421 7420
7420 7419
7419 7418
7418 7417
7417 7416
7416 7415
7415 7414
7414 7413
7413 7412
7412 7411
7411 7410
7410 7409
7409 7408
7408 7407
7407 7406
7406 7405
7405 7404
7404 7403
7403 7402
7402 7401
7401 7400
7400 7399
7399 7398
7398 7397
7397 7396
7396 7395
7395 7394
7394 7393
7393 7392
7392 7391
7391 7390
7390 7389
7389 7388
7388 7387
7387 7386
7386 7385
7385 7384
7384 7383
7383 7382
7382 7381
7381 7380
7380 7379
7379 7378
7378 7377
7377 7376
7376 7375
7375 7374
7374 7373
7373 7372
7372 7371
7371 7370
7370 7369
7369 7368
7368 7367
7367 7366
7366 7365
7365 7364
7364 7363
7363 7362
7362 7361
7361 7360
7360 7359
7359 7358
7358 7357
7357 7356
7356 7355
7355 7354
7354 7353
7353 7352
7352 7351
7351 7350
7350 7349
7349 7348
7348 7347
7347 7346
7346 7345
7345 7344
7344 7343
7343 7342
7342 7341
7341 7340
7340 7339
7339 7338
7338 7337
7337 7336
7336 7335
7335 7334
7334 7333
7333 7332
7332 7331
7331 7330
7330 7329
7329 7328
7328 7327
7327 7326
7326 7325
7325 7324
7324 7323
7323 7322
7322 7321
7321 7320
7320 7319
7319 7318
7318 7436
7435 7434
7434 7433
7433 7432
7432 7431
7431 7430
7430 7429
7429 7428
7428 7427
7427 7426
7426 7425
7425 7424
7424 7423
7423 7422
7422 7421
7421 7420
7420 7419
7419 7418
7418 7417
7417 7416
7416 7415
7415 7414
7414 7413
7413 7412
7412 7411
7411 7410
7410 7409
7409 7408
7408 7407
7407 7406
7406 7405
7405 7404
7404 7403
7403 7402
7402 7401
7401 7400
7400 7399
7399 7398
7398 7397
7397 7396
7396 7395
7395 7394
7394 7393
7393 7392
7392 7391
7391 7390
7390 7389
7389 7388
7388 7387
7387 7386
7386 7385
7385 7384
7384 7383
7383 7382
7382 7381
7381 7380
7380 7379
7379 7378
7378 7377
7377 7376
7376 7375
7375 7374
7374 7373
7373 7372
7372 7371
7371 7370
7370 7369
7369 7368
7368 7367
7367 7366
7366 7365
7365 7364
7364 7363
7363 7362
7362 7361
7361 7360
7360 7359
7359 7358
7358 7357
7357 7356
7356 7355
7355 7354
7354 7353
7353 7352
7352 7351
7351 7350
7350 7349
7349 7348
7348 7347
7347 7346
7346 7345
7345 7344
7344 7343
7343 7342
7342 7341
7341 7340
7340 7339
7339 7338
7338 7337
7337 7336
7336 7335
7335 7334
7334 7333
7333 7332
7332 7331
7331 7330
7330 7329
7329 7328
7328 7327
7327 7326
7326 7325
7325 7324
7324 7323
7323 7322
7322 7321
7321 7320
7320 7319
7319 7318
7318 7437
7436 7435
7435 7434
7434 7433
7433 7432
7432 7431
7431 7430
7430 7429
7429 7428
7428 7427
7427 7426
7426 7425
7425 7424
7424 7423
7423 7422
7422 7421
7421 7420
7420 7419
7419 7418
7418 7417
7417 7416
7416 7415
7415 7414
7414 7413
7413 7412
7412 7411
7411 7410
7410 7409
7409 7408
7408 7407
7407 7406
7406 7405
7405 7404
7404 7403
7403 7402
7402 7401
7401 7400
7400 7399
7399 7398
7398 7397
7397 7396
7396 7395
7395 7394
7394 7393
7393 7392
7392 7391
7391 7390
7390 7389
7389 7388
7388 7387
7387 7386
7386 7385
7385 7384
7384 7383
7383 7382
7382 7381
7381 7380
7380 7379
7379 7378
7378 7377
7377 7376
7376 7375
7375 7374
7374 7373
7373 7372
7372 7371
7371 7370
7370 7369
7369 7368
7368 7367
7367 7366
7366 7365
7365 7364
7364 7363
7363 7362
7362 7361
7361 7360
7360 7359
7359 7358
7358 7357
7357 7356
7356 7355
7355 7354
7354 7353
7353 7352
7352 7351
7351 7350
7350 7349
7349 7348
7348 7347
7347 7346
7346 7345
7345 7344
7344 7343
7343 7342
7342 7341
7341 7340
7340 7339
7339 7338
7338 7337
7337 7336
7336 7335
7335 7334
7334 7333
7333 7332
7332 7331
7331 7330
7330 7329
7329 7328
7328 7327
7327 7326
7326 7325
7325 7324
7324 7323
7323 7322
7322 7321
7321 7320
7320 7319
7319 7318
7318 7438
7437 7436
7436 7435
7435 7434
7434 7433
7433 7432
7432 7431
7431 7430
7430 7429
7429 7428
7428 7427
7427 7426
7426 7425
7425 7424
7424 7423
7423 7422
7422 7421
7421 7420
7420 7419
7419 7418
7418 7417
7417 7416
7416 7415
7415 7414
7414 7413
7413 7412
7412 7411
7411 7410
7410 7409
7409 7408
7408 7407
7407 7406
7406 7405
7405 7404
7404 7403
7403 7402
7402 7401
7401 7400
7400 7399
7399 7398
7398 7397
7397 7396
7396 7395
7395 7394
7394 7393
7393 7392
7392 7391
7391 7390
7390 7389
7389 7388
7388 7387
7387 7386
7386 7385
7385 7384
7384 7383
7383 7382
7382 7381
7381 7380
7380 7379
7379 7378
7378 7377
7377 7376
7376 7375
7375 7374
7374 7373
7373 7372
7372 7371
7371 7370
7370 7369
7369 7368
7368 7367
7367 7366
7366 7365
7365 7364
7364 7363
7363 7362
7362 7361
7361 7360
7360 7359
7359 7358
7358 7357
7357 7356
7356 7355
7355 7354
7354 7353
7353 7352
7352 7351
7351 7350
7350 7349
7349 7348
7348 7347
7347 7346
7346 7345
7345 7344
7344 7343
7343 7342
7342 7341
7341 7340
7340 7339
7339 7338
7338 7337
7337 7336
7336 7335
7335 7334
7334 7333
7333 7332
7332 7331
7331 7330
7330 7329
7329 7328
7328 7327
7327 7326
7326 7325
7325 7324
7324 7323
7323 7322
7322 7321
7321 7320
7320 7319
7319 7318
7318 7439
7438 7437
7437 7436
7436 7435
7435 7434
7434 7433
7433 7432
7432 7431
7431 7430
7430 7429
7429 7428
7428 7427
7427 7426
7426 7425
7425 7424
7424 7423
7423 7422
7422 7421
7421 7420
7420 7419
7419 7418
7418 7417
7417 7416
7416 7415
7415 7414
7414 7413
7413 7412
7412 7411
7411 7410
7410 7409
7409 7408
7408 7407
7407 7406
7406 7405
7405 7404
7404 7403
7403 7402
7402 7401
7401 7400
7400 7399
7399 7398
7398 7397
7397 7396
7396 7395
7395 7394
7394 7393
7393 7392
7392 7391
7391 7390
7390 7389
7389 7388
7388 7387
7387 7386
7386 7385
7385 7384
7384 7383
7383 7382
7382 7381
7381 7380
7380 7379
7379 7378
7378 7377
7377 7376
7376 7375
7375 7374
7374 7373
7373 7372
7372 7371
7371 7370
7370 7369
7369 7368
7368 7367
7367 7366
7366 7365
7365 7364
7364 7363
7363 7362
7362 7361
7361 7360
7360 7359
7359 7358
7358 7357
7357 7356
7356 7355
7355 7354
7354 7353
7353 7352
7352 7351
7351 7350
7350 7349
7349 7348
7348 7347
7347 7346
7346 7345
7345 7344
7344 7343
7343 7342
7342 7341
7341 7340
7340 7339
7339 7338
7338 7337
7337 7336
7336 7335
7335 7334
7334 7333
7333 7332
7332 7331
7331 7330
7330 7329
7329 7328
7328 7327
7327 7326
7326 7325
7325 7324
7324 7323
7323 7322
7322 7321
7321 7320
7320 7319
7319 7318
7318 7440
7439 7438
7438 7437
7437 7436
7436 7435
7435 7434
7434 7433
7433 7432
7432 7431
7431 7430
7430 7429
7429 7428
7428 7427
7427 7426
7426 7425
7425 7424
7424 7423
7423 7422
7422 7421
7421 7420
7420 7419
7419 7418
7418 7417
7417 7416
7416 7415
7415 7414
7414 7413
7413 7412
7412 7411
7411 7410
7410 7409
7409 7408
7408 7407
7407 7406
7406 7405
7405 7404
7404 7403
7403 7402
7402 7401
7401 7400
7400 7399
7399 7398
7398 7397
7397 7396
7396 7395
7395 7394
7394 7393
7393 7392
7392 7391
7391 7390
7390 7389
7389 7388
7388 7387
7387 7386
7386 7385
7385 7384
7384 7383
7383 7382
7382 7381
7381 7380
7380 7379
7379 7378
7378 7377
7377 7376
7376 7375
7375 7374
7374 7373
7373 7372
7372 7371
7371 7370
7370 7369
7369 7368
7368 7367
7367 7366
7366 7365
7365 7364
7364 7363
7363 7362
7362 7361
7361 7360
7360 7359
7359 7358
7358 7357
7357 7356
7356 7355
7355 7354
7354 7353
7353 7352
7352 7351
7351 7350
7350 7349
7349 7348
7348 7347
7347 7346
7346 7345
7345 7344
7344 7343
7343 7342
7342 7341
7341 7340
7340 7339
7339 7338
7338 7337
7337 7336
7336 7335
7335 7334
7334 7333
7333 7332
7332 7331
7331 7330
7330 7329
7329 7328
7328 7327
7327 7326
7326 7325
7325 7324
7324 7323
7323 7322
7322 7321
7321 7320
7320 7319
7319 7318
7318 7441
7440 7439
7439 7438
7438 7437
7437 7436
7436 7435
7435 7434
7434 7433
7433 7432
7432 7431
7431 7430
7430 7429
7429 7428
7428 7427
7427 7426
7426 7425
7425 7424
7424 7423
7423 7422
7422 7421
7421 7420
7420 7419
7419 7418
7418 7417
7417 7416
7416 7415
7415 7414
7414 7413
7413 7412
7412 7411
7411 7410
7410 7409
7409 7408
7408 7407
7407 7406
7406 7405
7405 7404
7404 7403
7403 7402
7402 7401
7401 7400
7400 7399
7399 7398
7398 7397
7397 7396
7396 7395
7395 7394
7394 7393
7393 7392
7392 7391
7391 7390
7390 7389
7389 7388
7388 7387
7387 7386
7386 7385
7385 7384
7384 7383
7383 7382
7382 7381
7381 7380
7380 7379
7379 7378
7378 7377
7377 7376
7376 7375
7375 7374
7374 7373
7373 7372
7372 7371
7371 7370
7370 7369
7369 7368
7368 7367
7367 7366
7366 7365
7365 7364
7364 7363
7363 7362
7362 7361
7361 7360
7360 7359
7359 7358
7358 7357
7357 7356
7356 7355
7355 7354
7354 7353
7353 7352
7352 7351
7351 7350
7350 7349
7349 7348
7348 7347
7347 7346
7346 7345
7345 7344
7344 7343
7343 7342
7342 7341
7341 7340
7340 7339
7339 7338
7338 7337
7337 7336
7336 7335
7335 7334
7334 7333
7333 7332
7332 7331
7331 7330
7330 7329
7329 7328
7328 7327
7327 7326
7326 7325
7325 7324
7324 7323
7323 7322
7322 7321
7321 7320
7320 7319
7319 7318
7318 7442
7441 7440
7440 7439
7439 7438
7438 7437
7437 7436
7436 7435
7435 7434
7434 7433
7433 7432
7432 7431
7431 7430
7430 7429
7429 7428
7428 7427
7427 7426
7426 7425
7425 7424
7424 7423
7423 7422
7422 7421
7421 7420
7420 7419
7419 7418
7418 7417
7417 7416
7416 7415
7415 7414
7414 7413
7413 7412
7412 7411
7411 7410
7410 7409
7409 7408
7408 7407
7407 7406
7406 7405
7405 7404
7404 7403
7403 7402
7402 7401
7401 7400
7400 7399
7399 7398
7398 7397
7397 7396
7396 7395
7395 7394
7394 7393
7393 7392
7392 7391
7391 7390
7390 7389
7389 7388
7388 7387
7387 7386
7386 7385
7385 7384
7384 7383
7383 7382
7382 7381
7381 7380
7380 7379
7379 7378
7378 7377
7377 7376
7376 7375
7375 7374
7374 7373
7373 7372
7372 7371
7371 7370
7370 7369
7369 7368
7368 7367
7367 7366
7366 7365
7365 7364
7364 7363
7363 7362
7362 7361
7361 7360
7360 7359
7359 7358
7358 7357
7357 7356
7356 7355
7355 7354
7354 7353
7353 7352
7352 7351
7351 7350
7350 7349
7349 7348
7348 7347
7347 7346
7346 7345
7345 7344
7344 7343
7343 7342
7342 7341
7341 7340
7340 7339
7339 7338
7338 7337
7337 7336
7336 7335
7335 7334
7334 7333
7333 7332
7332 7331
7331 7330
7330 7329
7329 7328
7328 7327
7327 7326
7326 7325
7325 7324
7324 7323
7323 7322
7322 7321
7321 7320
7320 7319
7319 7318
7318 7443
7442 7441
7441 7440
7440 7439
7439 7438
7438 7437
7437 7436
7436 7435
7435 7434
7434 7433
7433 7432
7432 7431
7431 7430
7430 7429
7429 7428
7428 7427
7427 7426
7426 7425
7425 7424
7424 7423
7423 7422
7422 7421
7421 7420
7420 7419
7419 7418
7418 7417
7417 7416
7416 7415
7415 7414
7414 7413
7413 7412
7412 7411
7411 7410
7410 7409
7409 7408
7408 7407
7407 7406
7406 7405
7405 7404
7404 7403
7403 7402
7402 7401
7401 7400
7400 7399
7399 7398
7398 7397
7397 7396
7396 7395
7395 7394
7394 7393
7393 7392
7392 7391
7391 7390
7390 7389
7389 7388
7388 7387
7387 7386
7386 7385
7385 7384
7384 7383
7383 7382
7382 7381
7381 7380
7380 7379
7379 7378
7378 7377
7377 7376
7376 7375
7375 7374
7374 7373
7373 7372
7372 7371
7371 7370
7370 7369
7369 7368
7368 7367
7367 7366
7366 7365
7365 7364
7364 7363
7363 7362
7362 7361
7361 7360
7360 7359
7359 7358
7358 7357
7357 7356
7356 7355
7355 7354
7354 7353
7353 7352
7352 7351
7351 7350
7350 7349
7349 7348
7348 7347
7347 7346
7346 7345
7345 7344
7344 7343
7343 7342
7342 7341
7341 7340
7340 7339
7339 7338
7338 7337
7337 7336
7336 7335
7335 7334
7334 7333
7333 7332
7332 7331
7331 7330
7330 7329
7329 7328
7328 7327
7327 7326
7326 7325
7325 7324
7324 7323
7323 7322
7322 7321
7321 7320
7320 7319
7319 7318
7318 7444
7443 7442
7442 7441
7441 7440
7440 7439
7439 7438
7438 7437
7437 7436
7436 7435
7435 7434
7434 7433
7433 7432
7432 7431
7431 7430
7430 7429
7429 7428
7428 7427
7427 7426
7426 7425
7425 7424
7424 7423
7423 7422
7422 7421
7421 7420
7420 7419
7419 7418
7418 7417
7417 7416
7416 7415
7415 7414
7414 7413
7413 7412
7412 7411
7411 7410
7410 7409
7409 7408
7408 7407
7407 7406
7406 7405
7405 7404
7404 7403
7403 7402
7402 7401
7401 7400
7400 7399
7399 7398
7398 7397
7397 7396
7396 7395
7395 7394
7394 7393
7393 7392
7392 7391
7391 7390
7390 7389
7389 7388
7388 7387
7387 7386
7386 7385
7385 7384
7384 7383
7383 7382
7382 7381
7381 7380
7380 7379
7379 7378
7378 7377
7377 7376
7376 7375
7375 7374
7374 7373
7373 7372
7372 7371
7371 7370
7370 7369
7369 7368
7368 7367
7367 7366
7366 7365
7365 7364
7364 7363
7363 7362
7362 7361
7361 7360
7360 7359
7359 7358
7358 7357
7357 7356
7356 7355
7355 7354
7354 7353
7353 7352
7352 7351
7351 7350
7350 7349
7349 7348
7348 7347
7347 7346
7346 7345
7345 7344
7344 7343
7343 7342
7342 7341
7341 7340
7340 7339
7339 7338
7338 7337
7337 7336
7336 7335
7335 7334
7334 7333
7333 7332
7332 7331
7331 7330
7330 7329
7329 7328
7328 7327
7327 7326
7326 7325
7325 7324
7324 7323
7323 7322
7322 7321
7321 7320
7320 7319
7319 7318
7318 7445
7444 7443
7443 7442
7442 7441
7441 7440
7440 7439
7439 7438
7438 7437
7437 7436
7436 7435
7435 7434
7434 7433
7433 7432
7432 7431
7431 7430
7430 7429
7429 7428
7428 7427
7427 7426
7426 7425
7425 7424
7424 7423
7423 7422
7422 7421
7421 7420
7420 7419
7419 7418
7418 7417
7417 7416
7416 7415
7415 7414
7414 7413
7413 7412
7412 7411
7411 7410
7410 7409
7409 7408
7408 7407
7407 7406
7406 7405
7405 7404
7404 7403
7403 7402
7402 7401
7401 7400
7400 7399
7399 7398
7398 7397
7397 7396
7396 7395
7395 7394
7394 7393
7393 7392
7392 7391
7391 7390
7390 7389
7389 7388
7388 7387
7387 7386
7386 7385
7385 7384
7384 7383
7383 7382
7382 7381
7381 7380
7380 7379
7379 7378
7378 7377
7377 7376
7376 7375
7375 7374
7374 7373
7373 7372
7372 7371
7371 7370
7370 7369
7369 7368
7368 7367
7367 7366
7366 7365
7365 7364
7364 7363
7363 7362
7362 7361
7361 7360
7360 7359
7359 7358
7358 7357
7357 7356
7356 7355
7355 7354
7354 7353
7353 7352
7352 7351
7351 7350
7350 7349
7349 7348
7348 7347
7347 7346
7346 7345
7345 7344
7344 7343
7343 7342
7342 7341
7341 7340
7340 7339
7339 7338
7338 7337
7337 7336
7336 7335
7335 7334
7334 7333
7333 7332
7332 7331
7331 7330
7330 7329
7329 7328
7328 7327
7327 7326
7326 7325
7325 7324
7324 7323
7323 7322
7322 7321
7321 7320
7320 7319
7319 7318
7318 7446
7445 7444
7444 7443
7443 7442
7442 7441
7441 7440
7440 7439
7439 7438
7438 7437
7437 7436
7436 7435
7435 7434
7434 7433
7433 7432
7432 7431
7431 7430
7430 7429
7429 7428
7428 7427
7427 7426
7426 7425
7425 7424
7424 7423
7423 7422
7422 7421
7421 7420
7420 7419
7419 7418
7418 7417
7417 7416
7416 7415
7415 7414
7414 7413
7413 7412
7412 7411
7411 7410
7410 7409
7409 7408
7408 7407
7407 7406
7406 7405
7405 7404
7404 7403
7403 7402
7402 7401
7401 7400
7400 7399
7399 7398
7398 7397
7397 7396
7396 7395
7395 7394
7394 7393
7393 7392
7392 7391
7391 7390
7390 7389
7389 7388
7388 7387
7387 7386
7386 7385
7385 7384
7384 7383
7383 7382
7382 7381
7381 7380
7380 7379
7379 7378
7378 7377
7377 7376
7376 7375
7375 7374
7374 7373
7373 7372
7372 7371
7371 7370
7370 7369
7369 7368
7368 7367
7367 7366
7366 7365
7365 7364
7364 7363
7363 7362
7362 7361
7361 7360
7360 7359
7359 7358
7358 7357
7357 7356
7356 7355
7355 7354
7354 7353
7353 7352
7352 7351
7351 7350
7350 7349
7349 7348
7348 7347
7347 7346
7346 7345
7345 7344
7344 7343
7343 7342
7342 7341
7341 7340
7340 7339
7339 7338
7338 7337
7337 7336
7336 7335
7335 7334
7334 7333
7333 7332
7332 7331
7331 7330
7330 7329
7329 7328
7328 7327
7327 7326
7326 7325
7325 7324
7324 7323
7323 7322
7322 7321
7321 7320
7320 7319
7319 7318
7318 7447
7446 7445
7445 7444
7444 7443
7443 7442
7442 7441
7441 7440
7440 7439
7439 7438
7438 7437
7437 7436
7436 7435
7435 7434
7434 7433
7433 7432
7432 7431
7431 7430
7430 7429
7429 7428
7428 7427
7427 7426
7426 7425
7425 7424
7424 7423
7423 7422
7422 7421
7421 7420
7420 7419
7419 7418
7418 7417
7417 7416
7416 7415
7415 7414
7414 7413
7413 7412
7412 7411
7411 7410
7410 7409
7409 7408
7408 7407
7407 7406
7406 7405
7405 7404
7404 7403
7403 7402
7402 7401
7401 7400
7400 7399
7399 7398
7398 7397
7397 7396
7396 7395
7395 7394
7394 7393
7393 7392
7392 7391
7391 7390
7390 7389
7389 7388
7388 7387
7387 7386
7386 7385
7385 7384
7384 7383
7383 7382
7382 7381
7381 7380
7380 7379
7379 7378
7378 7377
7377 7376
7376 7375
7375 7374
7374 7373
7373 7372
7372 7371
7371 7370
7370 7369
7369 7368
7368 7367
7367 7366
7366 7365
7365 7364
7364 7363
7363 7362
7362 7361
7361 7360
7360 7359
7359 7358
7358 7357
7357 7356
7356 7355
7355 7354
7354 7353
7353 7352
7352 7351
7351 7350
7350 7349
7349 7348
7348 7347
7347 7346
7346 7345
7345 7344
7344 7343
7343 7342
7342 7341
7341 7340
7340 7339
7339 7338
7338 7337
7337 7336
7336 7335
7335 7334
7334 7333
7333 7332
7332 7331
7331 7330
7330 7329
7329 7328
7328 7327
7327 7326
7326 7325
7325 7324
7324 7323
7323 7322
7322 7321
7321 7320
7320 7319
7319 7318
