5567
427 17692
5320 17692
8847 8848
8847 8849
8848 8847
8847 8850
8849 8848
8848 8847
8847 8851
8850 8849
8849 8848
8848 8847
8847 8852
8851 8850
8850 8849
8849 8848
8848 8847
8847 8853
8852 8851
8851 8850
8850 8849
8849 8848
8848 8847
8847 8854
8853 8852
8852 8851
8851 8850
8850 8849
8849 8848
8848 8847
8847 8855
8854 8853
8853 8852
8852 8851
8851 8850
8850 8849
8849 8848
8848 8847
8847 8856
8855 8854
8854 8853
8853 8852
8852 8851
8851 8850
8850 8849
8849 8848
8848 8847
8847 8857
8856 8855
8855 8854
8854 8853
8853 8852
8852 8851
8851 8850
8850 8849
8849 8848
8848 8847
8847 8858
8857 8856
8856 8855
8855 8854
8854 8853
8853 8852
8852 8851
8851 8850
8850 8849
8849 8848
8848 8847
8847 8859
8858 8857
8857 8856
8856 8855
8855 8854
8854 8853
8853 8852
8852 8851
8851 8850
8850 8849
8849 8848
8848 8847
8847 8860
8859 8858
8858 8857
8857 8856
8856 8855
8855 8854
8854 8853
8853 8852
8852 8851
8851 8850
8850 8849
8849 8848
8848 8847
8847 8861
8860 8859
8859 8858
8858 8857
8857 8856
8856 8855
8855 8854
8854 8853
8853 8852
8852 8851
8851 8850
8850 8849
8849 8848
8848 8847
8847 8862
8861 8860
8860 8859
8859 8858
8858 8857
8857 8856
8856 8855
8855 8854
8854 8853
8853 8852
8852 8851
8851 8850
8850 8849
8849 8848
8848 8847
8847 8863
8862 8861
8861 8860
8860 8859
8859 8858
8858 8857
8857 8856
8856 8855
8855 8854
8854 8853
8853 8852
8852 8851
8851 8850
8850 8849
8849 8848
8848 8847
8847 8864
8863 8862
8862 8861
8861 8860
8860 8859
8859 8858
8858 8857
8857 8856
8856 8855
8855 8854
8854 8853
8853 8852
8852 8851
8851 8850
8850 8849
8849 8848
8848 8847
8847 8865
8864 8863
8863 8862
8862 8861
8861 8860
8860 8859
8859 8858
8858 8857
8857 8856
8856 8855
8855 8854
8854 8853
8853 8852
8852 8851
8851 8850
8850 8849
8849 8848
8848 8847
8847 8866
8865 8864
8864 8863
8863 8862
8862 8861
8861 8860
8860 8859
8859 8858
8858 8857
8857 8856
8856 8855
8855 8854
8854 8853
8853 8852
8852 8851
8851 8850
8850 8849
8849 8848
8848 8847
8847 8867
8866 8865
8865 8864
8864 8863
8863 8862
8862 8861
8861 8860
8860 8859
8859 8858
8858 8857
8857 8856
8856 8855
8855 8854
8854 8853
8853 8852
8852 8851
8851 8850
8850 8849
8849 8848
8848 8847
8847 8868
8867 8866
8866 8865
8865 8864
8864 8863
8863 8862
8862 8861
8861 8860
8860 8859
8859 8858
8858 8857
8857 8856
8856 8855
8855 8854
8854 8853
8853 8852
8852 8851
8851 8850
8850 8849
8849 8848
8848 8847
8847 8869
8868 8867
8867 8866
8866 8865
8865 8864
8864 8863
8863 8862
8862 8861
8861 8860
8860 8859
8859 8858
8858 8857
8857 8856
8856 8855
8855 8854
8854 8853
8853 8852
8852 8851
8851 8850
8850 8849
8849 8848
8848 8847
8847 8870
8869 8868
8868 8867
8867 8866
8866 8865
8865 8864
8864 8863
8863 8862
8862 8861
8861 8860
8860 8859
8859 8858
8858 8857
8857 8856
8856 8855
8855 8854
8854 8853
8853 8852
8852 8851
8851 8850
8850 8849
8849 8848
8848 8847
8847 8871
8870 8869
8869 8868
8868 8867
8867 8866
8866 8865
8865 8864
8864 8863
8863 8862
8862 8861
8861 8860
8860 8859
8859 8858
8858 8857
8857 8856
8856 8855
8855 8854
8854 8853
8853 8852
8852 8851
8851 8850
8850 8849
8849 8848
8848 8847
8847 8872
8871 8870
8870 8869
8869 8868
8868 8867
8867 8866
8866 8865
8865 8864
8864 8863
8863 8862
8862 8861
8861 8860
8860 8859
8859 8858
8858 8857
8857 8856
8856 8855
8855 8854
8854 8853
8853 8852
8852 8851
8851 8850
8850 8849
8849 8848
8848 8847
8847 8873
8872 8871
8871 8870
8870 8869
8869 8868
8868 8867
8867 8866
8866 8865
8865 8864
8864 8863
8863 8862
8862 8861
8861 8860
8860 8859
8859 8858
8858 8857
8857 8856
8856 8855
8855 8854
8854 8853
8853 8852
8852 8851
8851 8850
8850 8849
8849 8848
8848 8847
8847 8874
8873 8872
8872 8871
8871 8870
8870 8869
8869 8868
8868 8867
8867 8866
8866 8865
8865 8864
8864 8863
8863 8862
8862 8861
8861 8860
8860 8859
8859 8858
8858 8857
8857 8856
8856 8855
8855 8854
8854 8853
8853 8852
8852 8851
8851 8850
8850 8849
8849 8848
8848 8847
8847 8875
8874 8873
8873 8872
8872 8871
8871 8870
8870 8869
8869 8868
8868 8867
8867 8866
8866 8865
8865 8864
8864 8863
8863 8862
8862 8861
8861 8860
8860 8859
8859 8858
8858 8857
8857 8856
8856 8855
8855 8854
8854 8853
8853 8852
8852 8851
8851 8850
8850 8849
8849 8848
8848 8847
8847 8876
8875 8874
8874 8873
8873 8872
8872 8871
8871 8870
8870 8869
8869 8868
8868 8867
8867 8866
8866 8865
8865 8864
8864 8863
8863 8862
8862 8861
8861 8860
8860 8859
8859 8858
8858 8857
8857 8856
8856 8855
8855 8854
8854 8853
8853 8852
8852 8851
8851 8850
8850 8849
8849 8848
8848 8847
8847 8877
8876 8875
8875 8874
8874 8873
8873 8872
8872 8871
8871 8870
8870 8869
8869 8868
8868 8867
8867 8866
8866 8865
8865 8864
8864 8863
8863 8862
8862 8861
8861 8860
8860 8859
8859 8858
8858 8857
8857 8856
8856 8855
8855 8854
8854 8853
8853 8852
8852 8851
8851 8850
8850 8849
8849 8848
8848 8847
8847 8878
8877 8876
8876 8875
8875 8874
8874 8873
8873 8872
8872 8871
8871 8870
8870 8869
8869 8868
8868 8867
8867 8866
8866 8865
8865 8864
8864 8863
8863 8862
8862 8861
8861 8860
8860 8859
8859 8858
8858 8857
8857 8856
8856 8855
8855 8854
8854 8853
8853 8852
8852 8851
8851 8850
8850 8849
8849 8848
8848 8847
8847 8879
8878 8877
8877 8876
8876 8875
8875 8874
8874 8873
8873 8872
8872 8871
8871 8870
8870 8869
8869 8868
8868 8867
8867 8866
8866 8865
8865 8864
8864 8863
8863 8862
8862 8861
8861 8860
8860 8859
8859 8858
8858 8857
8857 8856
8856 8855
8855 8854
8854 8853
8853 8852
8852 8851
8851 8850
8850 8849
8849 8848
8848 8847
8847 8880
8879 8878
8878 8877
8877 8876
8876 8875
8875 8874
8874 8873
8873 8872
8872 8871
8871 8870
8870 8869
8869 8868
8868 8867
8867 8866
8866 8865
8865 8864
8864 8863
8863 8862
8862 8861
8861 8860
8860 8859
8859 8858
8858 8857
8857 8856
8856 8855
8855 8854
8854 8853
8853 8852
8852 8851
8851 8850
8850 8849
8849 8848
8848 8847
8847 8881
8880 8879
8879 8878
8878 8877
8877 8876
8876 8875
8875 8874
8874 8873
8873 8872
8872 8871
8871 8870
8870 8869
8869 8868
8868 8867
8867 8866
8866 8865
8865 8864
8864 8863
8863 8862
8862 8861
8861 8860
8860 8859
8859 8858
8858 8857
8857 8856
8856 8855
8855 8854
8854 8853
8853 8852
8852 8851
8851 8850
8850 8849
8849 8848
8848 8847
8847 8882
8881 8880
8880 8879
8879 8878
8878 8877
8877 8876
8876 8875
8875 8874
8874 8873
8873 8872
8872 8871
8871 8870
8870 8869
8869 8868
8868 8867
8867 8866
8866 8865
8865 8864
8864 8863
8863 8862
8862 8861
8861 8860
8860 8859
8859 8858
8858 8857
8857 8856
8856 8855
8855 8854
8854 8853
8853 8852
8852 8851
8851 8850
8850 8849
8849 8848
8848 8847
8847 8883
8882 8881
8881 8880
8880 8879
8879 8878
8878 8877
8877 8876
8876 8875
8875 8874
8874 8873
8873 8872
8872 8871
8871 8870
8870 8869
8869 8868
8868 8867
8867 8866
8866 8865
8865 8864
8864 8863
8863 8862
8862 8861
8861 8860
8860 8859
8859 8858
8858 8857
8857 8856
8856 8855
8855 8854
8854 8853
8853 8852
8852 8851
8851 8850
8850 8849
8849 8848
8848 8847
8847 8884
8883 8882
8882 8881
8881 8880
8880 8879
8879 8878
8878 8877
8877 8876
8876 8875
8875 8874
8874 8873
8873 8872
8872 8871
8871 8870
8870 8869
8869 8868
8868 8867
8867 8866
8866 8865
8865 8864
8864 8863
8863 8862
8862 8861
8861 8860
8860 8859
8859 8858
8858 8857
8857 8856
8856 8855
8855 8854
8854 8853
8853 8852
8852 8851
8851 8850
8850 8849
8849 8848
8848 8847
8847 8885
8884 8883
8883 8882
8882 8881
8881 8880
8880 8879
8879 8878
8878 8877
8877 8876
8876 8875
8875 8874
8874 8873
8873 8872
8872 8871
8871 8870
8870 8869
8869 8868
8868 8867
8867 8866
8866 8865
8865 8864
8864 8863
8863 8862
8862 8861
8861 8860
8860 8859
8859 8858
8858 8857
8857 8856
8856 8855
8855 8854
8854 8853
8853 8852
8852 8851
8851 8850
8850 8849
8849 8848
8848 8847
8847 8886
8885 8884
8884 8883
8883 8882
8882 8881
8881 8880
8880 8879
8879 8878
8878 8877
8877 8876
8876 8875
8875 8874
8874 8873
8873 8872
8872 8871
8871 8870
8870 8869
8869 8868
8868 8867
8867 8866
8866 8865
8865 8864
8864 8863
8863 8862
8862 8861
8861 8860
8860 8859
8859 8858
8858 8857
8857 8856
8856 8855
8855 8854
8854 8853
8853 8852
8852 8851
8851 8850
8850 8849
8849 8848
8848 8847
8847 8887
8886 8885
8885 8884
8884 8883
8883 8882
8882 8881
8881 8880
8880 8879
8879 8878
8878 8877
8877 8876
8876 8875
8875 8874
8874 8873
8873 8872
8872 8871
8871 8870
8870 8869
8869 8868
8868 8867
8867 8866
8866 8865
8865 8864
8864 8863
8863 8862
8862 8861
8861 8860
8860 8859
8859 8858
8858 8857
8857 8856
8856 8855
8855 8854
8854 8853
8853 8852
8852 8851
8851 8850
8850 8849
8849 8848
8848 8847
8847 8888
8887 8886
8886 8885
8885 8884
8884 8883
8883 8882
8882 8881
8881 8880
8880 8879
8879 8878
8878 8877
8877 8876
8876 8875
8875 8874
8874 8873
8873 8872
8872 8871
8871 8870
8870 8869
8869 8868
8868 8867
8867 8866
8866 8865
8865 8864
8864 8863
8863 8862
8862 8861
8861 8860
8860 8859
8859 8858
8858 8857
8857 8856
8856 8855
8855 8854
8854 8853
8853 8852
8852 8851
8851 8850
8850 8849
8849 8848
8848 8847
8847 8889
8888 8887
8887 8886
8886 8885
8885 8884
8884 8883
8883 8882
8882 8881
8881 8880
8880 8879
8879 8878
8878 8877
8877 8876
8876 8875
8875 8874
8874 8873
8873 8872
8872 8871
8871 8870
8870 8869
8869 8868
8868 8867
8867 8866
8866 8865
8865 8864
8864 8863
8863 8862
8862 8861
8861 8860
8860 8859
8859 8858
8858 8857
8857 8856
8856 8855
8855 8854
8854 8853
8853 8852
8852 8851
8851 8850
8850 8849
8849 8848
8848 8847
8847 8890
8889 8888
8888 8887
8887 8886
8886 8885
8885 8884
8884 8883
8883 8882
8882 8881
8881 8880
8880 8879
8879 8878
8878 8877
8877 8876
8876 8875
8875 8874
8874 8873
8873 8872
8872 8871
8871 8870
8870 8869
8869 8868
8868 8867
8867 8866
8866 8865
8865 8864
8864 8863
8863 8862
8862 8861
8861 8860
8860 8859
8859 8858
8858 8857
8857 8856
8856 8855
8855 8854
8854 8853
8853 8852
8852 8851
8851 8850
8850 8849
8849 8848
8848 8847
8847 8891
8890 8889
8889 8888
8888 8887
8887 8886
8886 8885
8885 8884
8884 8883
8883 8882
8882 8881
8881 8880
8880 8879
8879 8878
8878 8877
8877 8876
8876 8875
8875 8874
8874 8873
8873 8872
8872 8871
8871 8870
8870 8869
8869 8868
8868 8867
8867 8866
8866 8865
8865 8864
8864 8863
8863 8862
8862 8861
8861 8860
8860 8859
8859 8858
8858 8857
8857 8856
8856 8855
8855 8854
8854 8853
8853 8852
8852 8851
8851 8850
8850 8849
8849 8848
8848 8847
8847 8892
8891 8890
8890 8889
8889 8888
8888 8887
8887 8886
8886 8885
8885 8884
8884 8883
8883 8882
8882 8881
8881 8880
8880 8879
8879 8878
8878 8877
8877 8876
8876 8875
8875 8874
8874 8873
8873 8872
8872 8871
8871 8870
8870 8869
8869 8868
8868 8867
8867 8866
8866 8865
8865 8864
8864 8863
8863 8862
8862 8861
8861 8860
8860 8859
8859 8858
8858 8857
8857 8856
8856 8855
8855 8854
8854 8853
8853 8852
8852 8851
8851 8850
8850 8849
8849 8848
8848 8847
8847 8893
8892 8891
8891 8890
8890 8889
8889 8888
8888 8887
8887 8886
8886 8885
8885 8884
8884 8883
8883 8882
8882 8881
8881 8880
8880 8879
8879 8878
8878 8877
8877 8876
8876 8875
8875 8874
8874 8873
8873 8872
8872 8871
8871 8870
8870 8869
8869 8868
8868 8867
8867 8866
8866 8865
8865 8864
8864 8863
8863 8862
8862 8861
8861 8860
8860 8859
8859 8858
8858 8857
8857 8856
8856 8855
8855 8854
8854 8853
8853 8852
8852 8851
8851 8850
8850 8849
8849 8848
8848 8847
8847 8894
8893 8892
8892 8891
8891 8890
8890 8889
8889 8888
8888 8887
8887 8886
8886 8885
8885 8884
8884 8883
8883 8882
8882 8881
8881 8880
8880 8879
8879 8878
8878 8877
8877 8876
8876 8875
8875 8874
8874 8873
8873 8872
8872 8871
8871 8870
8870 8869
8869 8868
8868 8867
8867 8866
8866 8865
8865 8864
8864 8863
8863 8862
8862 8861
8861 8860
8860 8859
8859 8858
8858 8857
8857 8856
8856 8855
8855 8854
8854 8853
8853 8852
8852 8851
8851 8850
8850 8849
8849 8848
8848 8847
8847 8895
8894 8893
8893 8892
8892 8891
8891 8890
8890 8889
8889 8888
8888 8887
8887 8886
8886 8885
8885 8884
8884 8883
8883 8882
8882 8881
8881 8880
8880 8879
8879 8878
8878 8877
8877 8876
8876 8875
8875 8874
8874 8873
8873 8872
8872 8871
8871 8870
8870 8869
8869 8868
8868 8867
8867 8866
8866 8865
8865 8864
8864 8863
8863 8862
8862 8861
8861 8860
8860 8859
8859 8858
8858 8857
8857 8856
8856 8855
8855 8854
8854 8853
8853 8852
8852 8851
8851 8850
8850 8849
8849 8848
8848 8847
8847 8896
8895 8894
8894 8893
8893 8892
8892 8891
8891 8890
8890 8889
8889 8888
8888 8887
8887 8886
8886 8885
8885 8884
8884 8883
8883 8882
8882 8881
8881 8880
8880 8879
8879 8878
8878 8877
8877 8876
8876 8875
8875 8874
8874 8873
8873 8872
8872 8871
8871 8870
8870 8869
8869 8868
8868 8867
8867 8866
8866 8865
8865 8864
8864 8863
8863 8862
8862 8861
8861 8860
8860 8859
8859 8858
8858 8857
8857 8856
8856 8855
8855 8854
8854 8853
8853 8852
8852 8851
8851 8850
8850 8849
8849 8848
8848 8847
8847 8897
8896 8895
8895 8894
8894 8893
8893 8892
8892 8891
8891 8890
8890 8889
8889 8888
8888 8887
8887 8886
8886 8885
8885 8884
8884 8883
8883 8882
8882 8881
8881 8880
8880 8879
8879 8878
8878 8877
8877 8876
8876 8875
8875 8874
8874 8873
8873 8872
8872 8871
8871 8870
8870 8869
8869 8868
8868 8867
8867 8866
8866 8865
8865 8864
8864 8863
8863 8862
8862 8861
8861 8860
8860 8859
8859 8858
8858 8857
8857 8856
8856 8855
8855 8854
8854 8853
8853 8852
8852 8851
8851 8850
8850 8849
8849 8848
8848 8847
8847 8898
8897 8896
8896 8895
8895 8894
8894 8893
8893 8892
8892 8891
8891 8890
8890 8889
8889 8888
8888 8887
8887 8886
8886 8885
8885 8884
8884 8883
8883 8882
8882 8881
8881 8880
8880 8879
8879 8878
8878 8877
8877 8876
8876 8875
8875 8874
8874 8873
8873 8872
8872 8871
8871 8870
8870 8869
8869 8868
8868 8867
8867 8866
8866 8865
8865 8864
8864 8863
8863 8862
8862 8861
8861 8860
8860 8859
8859 8858
8858 8857
8857 8856
8856 8855
8855 8854
8854 8853
8853 8852
8852 8851
8851 8850
8850 8849
8849 8848
8848 8847
8847 8899
8898 8897
8897 8896
8896 8895
8895 8894
8894 8893
8893 8892
8892 8891
8891 8890
8890 8889
8889 8888
8888 8887
8887 8886
8886 8885
8885 8884
8884 8883
8883 8882
8882 8881
8881 8880
8880 8879
8879 8878
8878 8877
8877 8876
8876 8875
8875 8874
8874 8873
8873 8872
8872 8871
8871 8870
8870 8869
8869 8868
8868 8867
8867 8866
8866 8865
8865 8864
8864 8863
8863 8862
8862 8861
8861 8860
8860 8859
8859 8858
8858 8857
8857 8856
8856 8855
8855 8854
8854 8853
8853 8852
8852 8851
8851 8850
8850 8849
8849 8848
8848 8847
8847 8900
8899 8898
8898 8897
8897 8896
8896 8895
8895 8894
8894 8893
8893 8892
8892 8891
8891 8890
8890 8889
8889 8888
8888 8887
8887 8886
8886 8885
8885 8884
8884 8883
8883 8882
8882 8881
8881 8880
8880 8879
8879 8878
8878 8877
8877 8876
8876 8875
8875 8874
8874 8873
8873 8872
8872 8871
8871 8870
8870 8869
8869 8868
8868 8867
8867 8866
8866 8865
8865 8864
8864 8863
8863 8862
8862 8861
8861 8860
8860 8859
8859 8858
8858 8857
8857 8856
8856 8855
8855 8854
8854 8853
8853 8852
8852 8851
8851 8850
8850 8849
8849 8848
8848 8847
8847 8901
8900 8899
8899 8898
8898 8897
8897 8896
8896 8895
8895 8894
8894 8893
8893 8892
8892 8891
8891 8890
8890 8889
8889 8888
8888 8887
8887 8886
8886 8885
8885 8884
8884 8883
8883 8882
8882 8881
8881 8880
8880 8879
8879 8878
8878 8877
8877 8876
8876 8875
8875 8874
8874 8873
8873 8872
8872 8871
8871 8870
8870 8869
8869 8868
8868 8867
8867 8866
8866 8865
8865 8864
8864 8863
8863 8862
8862 8861
8861 8860
8860 8859
8859 8858
8858 8857
8857 8856
8856 8855
8855 8854
8854 8853
8853 8852
8852 8851
8851 8850
8850 8849
8849 8848
8848 8847
8847 8902
8901 8900
8900 8899
8899 8898
8898 8897
8897 8896
8896 8895
8895 8894
8894 8893
8893 8892
8892 8891
8891 8890
8890 8889
8889 8888
8888 8887
8887 8886
8886 8885
8885 8884
8884 8883
8883 8882
8882 8881
8881 8880
8880 8879
8879 8878
8878 8877
8877 8876
8876 8875
8875 8874
8874 8873
8873 8872
8872 8871
8871 8870
8870 8869
8869 8868
8868 8867
8867 8866
8866 8865
8865 8864
8864 8863
8863 8862
8862 8861
8861 8860
8860 8859
8859 8858
8858 8857
8857 8856
8856 8855
8855 8854
8854 8853
8853 8852
8852 8851
8851 8850
8850 8849
8849 8848
8848 8847
8847 8903
8902 8901
8901 8900
8900 8899
8899 8898
8898 8897
8897 8896
8896 8895
8895 8894
8894 8893
8893 8892
8892 8891
8891 8890
8890 8889
8889 8888
8888 8887
8887 8886
8886 8885
8885 8884
8884 8883
8883 8882
8882 8881
8881 8880
8880 8879
8879 8878
8878 8877
8877 8876
8876 8875
8875 8874
8874 8873
8873 8872
8872 8871
8871 8870
8870 8869
8869 8868
8868 8867
8867 8866
8866 8865
8865 8864
8864 8863
8863 8862
8862 8861
8861 8860
8860 8859
8859 8858
8858 8857
8857 8856
8856 8855
8855 8854
8854 8853
8853 8852
8852 8851
8851 8850
8850 8849
8849 8848
8848 8847
8847 8904
8903 8902
8902 8901
8901 8900
8900 8899
8899 8898
8898 8897
8897 8896
8896 8895
8895 8894
8894 8893
8893 8892
8892 8891
8891 8890
8890 8889
8889 8888
8888 8887
8887 8886
8886 8885
8885 8884
8884 8883
8883 8882
8882 8881
8881 8880
8880 8879
8879 8878
8878 8877
8877 8876
8876 8875
8875 8874
8874 8873
8873 8872
8872 8871
8871 8870
8870 8869
8869 8868
8868 8867
8867 8866
8866 8865
8865 8864
8864 8863
8863 8862
8862 8861
8861 8860
8860 8859
8859 8858
8858 8857
8857 8856
8856 8855
8855 8854
8854 8853
8853 8852
8852 8851
8851 8850
8850 8849
8849 8848
8848 8847
8847 8905
8904 8903
8903 8902
8902 8901
8901 8900
8900 8899
8899 8898
8898 8897
8897 8896
8896 8895
8895 8894
8894 8893
8893 8892
8892 8891
8891 8890
8890 8889
8889 8888
8888 8887
8887 8886
8886 8885
8885 8884
8884 8883
8883 8882
8882 8881
8881 8880
8880 8879
8879 8878
8878 8877
8877 8876
8876 8875
8875 8874
8874 8873
8873 8872
8872 8871
8871 8870
8870 8869
8869 8868
8868 8867
8867 8866
8866 8865
8865 8864
8864 8863
8863 8862
8862 8861
8861 8860
8860 8859
8859 8858
8858 8857
8857 8856
8856 8855
8855 8854
8854 8853
8853 8852
8852 8851
8851 8850
8850 8849
8849 8848
8848 8847
8847 8906
8905 8904
8904 8903
8903 8902
8902 8901
8901 8900
8900 8899
8899 8898
8898 8897
8897 8896
8896 8895
8895 8894
8894 8893
8893 8892
8892 8891
8891 8890
8890 8889
8889 8888
8888 8887
8887 8886
8886 8885
8885 8884
8884 8883
8883 8882
8882 8881
8881 8880
8880 8879
8879 8878
8878 8877
8877 8876
8876 8875
8875 8874
8874 8873
8873 8872
8872 8871
8871 8870
8870 8869
8869 8868
8868 8867
8867 8866
8866 8865
8865 8864
8864 8863
8863 8862
8862 8861
8861 8860
8860 8859
8859 8858
8858 8857
8857 8856
8856 8855
8855 8854
8854 8853
8853 8852
8852 8851
8851 8850
8850 8849
8849 8848
8848 8847
8847 8907
8906 8905
8905 8904
8904 8903
8903 8902
8902 8901
8901 8900
8900 8899
8899 8898
8898 8897
8897 8896
8896 8895
8895 8894
8894 8893
8893 8892
8892 8891
8891 8890
8890 8889
8889 8888
8888 8887
8887 8886
8886 8885
8885 8884
8884 8883
8883 8882
8882 8881
8881 8880
8880 8879
8879 8878
8878 8877
8877 8876
8876 8875
8875 8874
8874 8873
8873 8872
8872 8871
8871 8870
8870 8869
8869 8868
8868 8867
8867 8866
8866 8865
8865 8864
8864 8863
8863 8862
8862 8861
8861 8860
8860 8859
8859 8858
8858 8857
8857 8856
8856 8855
8855 8854
8854 8853
8853 8852
8852 8851
8851 8850
8850 8849
8849 8848
8848 8847
8847 8908
8907 8906
8906 8905
8905 8904
8904 8903
8903 8902
8902 8901
8901 8900
8900 8899
8899 8898
8898 8897
8897 8896
8896 8895
8895 8894
8894 8893
8893 8892
8892 8891
8891 8890
8890 8889
8889 8888
8888 8887
8887 8886
8886 8885
8885 8884
8884 8883
8883 8882
8882 8881
8881 8880
8880 8879
8879 8878
8878 8877
8877 8876
8876 8875
8875 8874
8874 8873
8873 8872
8872 8871
8871 8870
8870 8869
8869 8868
8868 8867
8867 8866
8866 8865
8865 8864
8864 8863
8863 8862
8862 8861
8861 8860
8860 8859
8859 8858
8858 8857
8857 8856
8856 8855
8855 8854
8854 8853
8853 8852
8852 8851
8851 8850
8850 8849
8849 8848
8848 8847
8847 8909
8908 8907
8907 8906
8906 8905
8905 8904
8904 8903
8903 8902
8902 8901
8901 8900
8900 8899
8899 8898
8898 8897
8897 8896
8896 8895
8895 8894
8894 8893
8893 8892
8892 8891
8891 8890
8890 8889
8889 8888
8888 8887
8887 8886
8886 8885
8885 8884
8884 8883
8883 8882
8882 8881
8881 8880
8880 8879
8879 8878
8878 8877
8877 8876
8876 8875
8875 8874
8874 8873
8873 8872
8872 8871
8871 8870
8870 8869
8869 8868
8868 8867
8867 8866
8866 8865
8865 8864
8864 8863
8863 8862
8862 8861
8861 8860
8860 8859
8859 8858
8858 8857
8857 8856
8856 8855
8855 8854
8854 8853
8853 8852
8852 8851
8851 8850
8850 8849
8849 8848
8848 8847
8847 8910
8909 8908
8908 8907
8907 8906
8906 8905
8905 8904
8904 8903
8903 8902
8902 8901
8901 8900
8900 8899
8899 8898
8898 8897
8897 8896
8896 8895
8895 8894
8894 8893
8893 8892
8892 8891
8891 8890
8890 8889
8889 8888
8888 8887
8887 8886
8886 8885
8885 8884
8884 8883
8883 8882
8882 8881
8881 8880
8880 8879
8879 8878
8878 8877
8877 8876
8876 8875
8875 8874
8874 8873
8873 8872
8872 8871
8871 8870
8870 8869
8869 8868
8868 8867
8867 8866
8866 8865
8865 8864
8864 8863
8863 8862
8862 8861
8861 8860
8860 8859
8859 8858
8858 8857
8857 8856
8856 8855
8855 8854
8854 8853
8853 8852
8852 8851
8851 8850
8850 8849
8849 8848
8848 8847
8847 8911
8910 8909
8909 8908
8908 8907
8907 8906
8906 8905
8905 8904
8904 8903
8903 8902
8902 8901
8901 8900
8900 8899
8899 8898
8898 8897
8897 8896
8896 8895
8895 8894
8894 8893
8893 8892
8892 8891
8891 8890
8890 8889
8889 8888
8888 8887
8887 8886
8886 8885
8885 8884
8884 8883
8883 8882
8882 8881
8881 8880
8880 8879
8879 8878
8878 8877
8877 8876
8876 8875
8875 8874
8874 8873
8873 8872
8872 8871
8871 8870
8870 8869
8869 8868
8868 8867
8867 8866
8866 8865
8865 8864
8864 8863
8863 8862
8862 8861
8861 8860
8860 8859
8859 8858
8858 8857
8857 8856
8856 8855
8855 8854
8854 8853
8853 8852
8852 8851
8851 8850
8850 8849
8849 8848
8848 8847
8847 8912
8911 8910
8910 8909
8909 8908
8908 8907
8907 8906
8906 8905
8905 8904
8904 8903
8903 8902
8902 8901
8901 8900
8900 8899
8899 8898
8898 8897
8897 8896
8896 8895
8895 8894
8894 8893
8893 8892
8892 8891
8891 8890
8890 8889
8889 8888
8888 8887
8887 8886
8886 8885
8885 8884
8884 8883
8883 8882
8882 8881
8881 8880
8880 8879
8879 8878
8878 8877
8877 8876
8876 8875
8875 8874
8874 8873
8873 8872
8872 8871
8871 8870
8870 8869
8869 8868
8868 8867
8867 8866
8866 8865
8865 8864
8864 8863
8863 8862
8862 8861
8861 8860
8860 8859
8859 8858
8858 8857
8857 8856
8856 8855
8855 8854
8854 8853
8853 8852
8852 8851
8851 8850
8850 8849
8849 8848
8848 8847
8847 8913
8912 8911
8911 8910
8910 8909
8909 8908
8908 8907
8907 8906
8906 8905
8905 8904
8904 8903
8903 8902
8902 8901
8901 8900
8900 8899
8899 8898
8898 8897
8897 8896
8896 8895
8895 8894
8894 8893
8893 8892
8892 8891
8891 8890
8890 8889
8889 8888
8888 8887
8887 8886
8886 8885
8885 8884
8884 8883
8883 8882
8882 8881
8881 8880
8880 8879
8879 8878
8878 8877
8877 8876
8876 8875
8875 8874
8874 8873
8873 8872
8872 8871
8871 8870
8870 8869
8869 8868
8868 8867
8867 8866
8866 8865
8865 8864
8864 8863
8863 8862
8862 8861
8861 8860
8860 8859
8859 8858
8858 8857
8857 8856
8856 8855
8855 8854
8854 8853
8853 8852
8852 8851
8851 8850
8850 8849
8849 8848
8848 8847
8847 8914
8913 8912
8912 8911
8911 8910
8910 8909
8909 8908
8908 8907
8907 8906
8906 8905
8905 8904
8904 8903
8903 8902
8902 8901
8901 8900
8900 8899
8899 8898
8898 8897
8897 8896
8896 8895
8895 8894
8894 8893
8893 8892
8892 8891
8891 8890
8890 8889
8889 8888
8888 8887
8887 8886
8886 8885
8885 8884
8884 8883
8883 8882
8882 8881
8881 8880
8880 8879
8879 8878
8878 8877
8877 8876
8876 8875
8875 8874
8874 8873
8873 8872
8872 8871
8871 8870
8870 8869
8869 8868
8868 8867
8867 8866
8866 8865
8865 8864
8864 8863
8863 8862
8862 8861
8861 8860
8860 8859
8859 8858
8858 8857
8857 8856
8856 8855
8855 8854
8854 8853
8853 8852
8852 8851
8851 8850
8850 8849
8849 8848
8848 8847
8847 8915
8914 8913
8913 8912
8912 8911
8911 8910
8910 8909
8909 8908
8908 8907
8907 8906
8906 8905
8905 8904
8904 8903
8903 8902
8902 8901
8901 8900
8900 8899
8899 8898
8898 8897
8897 8896
8896 8895
8895 8894
8894 8893
8893 8892
8892 8891
8891 8890
8890 8889
8889 8888
8888 8887
8887 8886
8886 8885
8885 8884
8884 8883
8883 8882
8882 8881
8881 8880
8880 8879
8879 8878
8878 8877
8877 8876
8876 8875
8875 8874
8874 8873
8873 8872
8872 8871
8871 8870
8870 8869
8869 8868
8868 8867
8867 8866
8866 8865
8865 8864
8864 8863
8863 8862
8862 8861
8861 8860
8860 8859
8859 8858
8858 8857
8857 8856
8856 8855
8855 8854
8854 8853
8853 8852
8852 8851
8851 8850
8850 8849
8849 8848
8848 8847
8847 8916
8915 8914
8914 8913
8913 8912
8912 8911
8911 8910
8910 8909
8909 8908
8908 8907
8907 8906
8906 8905
8905 8904
8904 8903
8903 8902
8902 8901
8901 8900
8900 8899
8899 8898
8898 8897
8897 8896
8896 8895
8895 8894
8894 8893
8893 8892
8892 8891
8891 8890
8890 8889
8889 8888
8888 8887
8887 8886
8886 8885
8885 8884
8884 8883
8883 8882
8882 8881
8881 8880
8880 8879
8879 8878
8878 8877
8877 8876
8876 8875
8875 8874
8874 8873
8873 8872
8872 8871
8871 8870
8870 8869
8869 8868
8868 8867
8867 8866
8866 8865
8865 8864
8864 8863
8863 8862
8862 8861
8861 8860
8860 8859
8859 8858
8858 8857
8857 8856
8856 8855
8855 8854
8854 8853
8853 8852
8852 8851
8851 8850
8850 8849
8849 8848
8848 8847
8847 8917
8916 8915
8915 8914
8914 8913
8913 8912
8912 8911
8911 8910
8910 8909
8909 8908
8908 8907
8907 8906
8906 8905
8905 8904
8904 8903
8903 8902
8902 8901
8901 8900
8900 8899
8899 8898
8898 8897
8897 8896
8896 8895
8895 8894
8894 8893
8893 8892
8892 8891
8891 8890
8890 8889
8889 8888
8888 8887
8887 8886
8886 8885
8885 8884
8884 8883
8883 8882
8882 8881
8881 8880
8880 8879
8879 8878
8878 8877
8877 8876
8876 8875
8875 8874
8874 8873
8873 8872
8872 8871
8871 8870
8870 8869
8869 8868
8868 8867
8867 8866
8866 8865
8865 8864
8864 8863
8863 8862
8862 8861
8861 8860
8860 8859
8859 8858
8858 8857
8857 8856
8856 8855
8855 8854
8854 8853
8853 8852
8852 8851
8851 8850
8850 8849
8849 8848
8848 8847
8847 8918
8917 8916
8916 8915
8915 8914
8914 8913
8913 8912
8912 8911
8911 8910
8910 8909
8909 8908
8908 8907
8907 8906
8906 8905
8905 8904
8904 8903
8903 8902
8902 8901
8901 8900
8900 8899
8899 8898
8898 8897
8897 8896
8896 8895
8895 8894
8894 8893
8893 8892
8892 8891
8891 8890
8890 8889
8889 8888
8888 8887
8887 8886
8886 8885
8885 8884
8884 8883
8883 8882
8882 8881
8881 8880
8880 8879
8879 8878
8878 8877
8877 8876
8876 8875
8875 8874
8874 8873
8873 8872
8872 8871
8871 8870
8870 8869
8869 8868
8868 8867
8867 8866
8866 8865
8865 8864
8864 8863
8863 8862
8862 8861
8861 8860
8860 8859
8859 8858
8858 8857
8857 8856
8856 8855
8855 8854
8854 8853
8853 8852
8852 8851
8851 8850
8850 8849
8849 8848
8848 8847
8847 8919
8918 8917
8917 8916
8916 8915
8915 8914
8914 8913
8913 8912
8912 8911
8911 8910
8910 8909
8909 8908
8908 8907
8907 8906
8906 8905
8905 8904
8904 8903
8903 8902
8902 8901
8901 8900
8900 8899
8899 8898
8898 8897
8897 8896
8896 8895
8895 8894
8894 8893
8893 8892
8892 8891
8891 8890
8890 8889
8889 8888
8888 8887
8887 8886
8886 8885
8885 8884
8884 8883
8883 8882
8882 8881
8881 8880
8880 8879
8879 8878
8878 8877
8877 8876
8876 8875
8875 8874
8874 8873
8873 8872
8872 8871
8871 8870
8870 8869
8869 8868
8868 8867
8867 8866
8866 8865
8865 8864
8864 8863
8863 8862
8862 8861
8861 8860
8860 8859
8859 8858
8858 8857
8857 8856
8856 8855
8855 8854
8854 8853
8853 8852
8852 8851
8851 8850
8850 8849
8849 8848
8848 8847
8847 8920
8919 8918
8918 8917
8917 8916
8916 8915
8915 8914
8914 8913
8913 8912
8912 8911
8911 8910
8910 8909
8909 8908
8908 8907
8907 8906
8906 8905
8905 8904
8904 8903
8903 8902
8902 8901
8901 8900
8900 8899
8899 8898
8898 8897
8897 8896
8896 8895
8895 8894
8894 8893
8893 8892
8892 8891
8891 8890
8890 8889
8889 8888
8888 8887
8887 8886
8886 8885
8885 8884
8884 8883
8883 8882
8882 8881
8881 8880
8880 8879
8879 8878
8878 8877
8877 8876
8876 8875
8875 8874
8874 8873
8873 8872
8872 8871
8871 8870
8870 8869
8869 8868
8868 8867
8867 8866
8866 8865
8865 8864
8864 8863
8863 8862
8862 8861
8861 8860
8860 8859
8859 8858
8858 8857
8857 8856
8856 8855
8855 8854
8854 8853
8853 8852
8852 8851
8851 8850
8850 8849
8849 8848
8848 8847
8847 8921
8920 8919
8919 8918
8918 8917
8917 8916
8916 8915
8915 8914
8914 8913
8913 8912
8912 8911
8911 8910
8910 8909
8909 8908
8908 8907
8907 8906
8906 8905
8905 8904
8904 8903
8903 8902
8902 8901
8901 8900
8900 8899
8899 8898
8898 8897
8897 8896
8896 8895
8895 8894
8894 8893
8893 8892
8892 8891
8891 8890
8890 8889
8889 8888
8888 8887
8887 8886
8886 8885
8885 8884
8884 8883
8883 8882
8882 8881
8881 8880
8880 8879
8879 8878
8878 8877
8877 8876
8876 8875
8875 8874
8874 8873
8873 8872
8872 8871
8871 8870
8870 8869
8869 8868
8868 8867
8867 8866
8866 8865
8865 8864
8864 8863
8863 8862
8862 8861
8861 8860
8860 8859
8859 8858
8858 8857
8857 8856
8856 8855
8855 8854
8854 8853
8853 8852
8852 8851
8851 8850
8850 8849
8849 8848
8848 8847
8847 8922
8921 8920
8920 8919
8919 8918
8918 8917
8917 8916
8916 8915
8915 8914
8914 8913
8913 8912
8912 8911
8911 8910
8910 8909
8909 8908
8908 8907
8907 8906
8906 8905
8905 8904
8904 8903
8903 8902
8902 8901
8901 8900
8900 8899
8899 8898
8898 8897
8897 8896
8896 8895
8895 8894
8894 8893
8893 8892
8892 8891
8891 8890
8890 8889
8889 8888
8888 8887
8887 8886
8886 8885
8885 8884
8884 8883
8883 8882
8882 8881
8881 8880
8880 8879
8879 8878
8878 8877
8877 8876
8876 8875
8875 8874
8874 8873
8873 8872
8872 8871
8871 8870
8870 8869
8869 8868
8868 8867
8867 8866
8866 8865
8865 8864
8864 8863
8863 8862
8862 8861
8861 8860
8860 8859
8859 8858
8858 8857
8857 8856
8856 8855
8855 8854
8854 8853
8853 8852
8852 8851
8851 8850
8850 8849
8849 8848
8848 8847
8847 8923
8922 8921
8921 8920
8920 8919
8919 8918
8918 8917
8917 8916
8916 8915
8915 8914
8914 8913
8913 8912
8912 8911
8911 8910
8910 8909
8909 8908
8908 8907
8907 8906
8906 8905
8905 8904
8904 8903
8903 8902
8902 8901
8901 8900
8900 8899
8899 8898
8898 8897
8897 8896
8896 8895
8895 8894
8894 8893
8893 8892
8892 8891
8891 8890
8890 8889
8889 8888
8888 8887
8887 8886
8886 8885
8885 8884
8884 8883
8883 8882
8882 8881
8881 8880
8880 8879
8879 8878
8878 8877
8877 8876
8876 8875
8875 8874
8874 8873
8873 8872
8872 8871
8871 8870
8870 8869
8869 8868
8868 8867
8867 8866
8866 8865
8865 8864
8864 8863
8863 8862
8862 8861
8861 8860
8860 8859
8859 8858
8858 8857
8857 8856
8856 8855
8855 8854
8854 8853
8853 8852
8852 8851
8851 8850
8850 8849
8849 8848
8848 8847
8847 8924
8923 8922
8922 8921
8921 8920
8920 8919
8919 8918
8918 8917
8917 8916
8916 8915
8915 8914
8914 8913
8913 8912
8912 8911
8911 8910
8910 8909
8909 8908
8908 8907
8907 8906
8906 8905
8905 8904
8904 8903
8903 8902
8902 8901
8901 8900
8900 8899
8899 8898
8898 8897
8897 8896
8896 8895
8895 8894
8894 8893
8893 8892
8892 8891
8891 8890
8890 8889
8889 8888
8888 8887
8887 8886
8886 8885
8885 8884
8884 8883
8883 8882
8882 8881
8881 8880
8880 8879
8879 8878
8878 8877
8877 8876
8876 8875
8875 8874
8874 8873
8873 8872
8872 8871
8871 8870
8870 8869
8869 8868
8868 8867
8867 8866
8866 8865
8865 8864
8864 8863
8863 8862
8862 8861
8861 8860
8860 8859
8859 8858
8858 8857
8857 8856
8856 8855
8855 8854
8854 8853
8853 8852
8852 8851
8851 8850
8850 8849
8849 8848
8848 8847
8847 8925
8924 8923
8923 8922
8922 8921
8921 8920
8920 8919
8919 8918
8918 8917
8917 8916
8916 8915
8915 8914
8914 8913
8913 8912
8912 8911
8911 8910
8910 8909
8909 8908
8908 8907
8907 8906
8906 8905
8905 8904
8904 8903
8903 8902
8902 8901
8901 8900
8900 8899
8899 8898
8898 8897
8897 8896
8896 8895
8895 8894
8894 8893
8893 8892
8892 8891
8891 8890
8890 8889
8889 8888
8888 8887
8887 8886
8886 8885
8885 8884
8884 8883
8883 8882
8882 8881
8881 8880
8880 8879
8879 8878
8878 8877
8877 8876
8876 8875
8875 8874
8874 8873
8873 8872
8872 8871
8871 8870
8870 8869
8869 8868
8868 8867
8867 8866
8866 8865
8865 8864
8864 8863
8863 8862
8862 8861
8861 8860
8860 8859
8859 8858
8858 8857
8857 8856
8856 8855
8855 8854
8854 8853
8853 8852
8852 8851
8851 8850
8850 8849
8849 8848
8848 8847
8847 8926
8925 8924
8924 8923
8923 8922
8922 8921
8921 8920
8920 8919
8919 8918
8918 8917
8917 8916
8916 8915
8915 8914
8914 8913
8913 8912
8912 8911
8911 8910
8910 8909
8909 8908
8908 8907
8907 8906
8906 8905
8905 8904
8904 8903
8903 8902
8902 8901
8901 8900
8900 8899
8899 8898
8898 8897
8897 8896
8896 8895
8895 8894
8894 8893
8893 8892
8892 8891
8891 8890
8890 8889
8889 8888
8888 8887
8887 8886
8886 8885
8885 8884
8884 8883
8883 8882
8882 8881
8881 8880
8880 8879
8879 8878
8878 8877
8877 8876
8876 8875
8875 8874
8874 8873
8873 8872
8872 8871
8871 8870
8870 8869
8869 8868
8868 8867
8867 8866
8866 8865
8865 8864
8864 8863
8863 8862
8862 8861
8861 8860
8860 8859
8859 8858
8858 8857
8857 8856
8856 8855
8855 8854
8854 8853
8853 8852
8852 8851
8851 8850
8850 8849
8849 8848
8848 8847
8847 8927
8926 8925
8925 8924
8924 8923
8923 8922
8922 8921
8921 8920
8920 8919
8919 8918
8918 8917
8917 8916
8916 8915
8915 8914
8914 8913
8913 8912
8912 8911
8911 8910
8910 8909
8909 8908
8908 8907
8907 8906
8906 8905
8905 8904
8904 8903
8903 8902
8902 8901
8901 8900
8900 8899
8899 8898
8898 8897
8897 8896
8896 8895
8895 8894
8894 8893
8893 8892
8892 8891
8891 8890
8890 8889
8889 8888
8888 8887
8887 8886
8886 8885
8885 8884
8884 8883
8883 8882
8882 8881
8881 8880
8880 8879
8879 8878
8878 8877
8877 8876
8876 8875
8875 8874
8874 8873
8873 8872
8872 8871
8871 8870
8870 8869
8869 8868
8868 8867
8867 8866
8866 8865
8865 8864
8864 8863
8863 8862
8862 8861
8861 8860
8860 8859
8859 8858
8858 8857
8857 8856
8856 8855
8855 8854
8854 8853
8853 8852
8852 8851
8851 8850
8850 8849
8849 8848
8848 8847
8847 8928
8927 8926
8926 8925
8925 8924
8924 8923
8923 8922
8922 8921
8921 8920
8920 8919
8919 8918
8918 8917
8917 8916
8916 8915
8915 8914
8914 8913
8913 8912
8912 8911
8911 8910
8910 8909
8909 8908
8908 8907
8907 8906
8906 8905
8905 8904
8904 8903
8903 8902
8902 8901
8901 8900
8900 8899
8899 8898
8898 8897
8897 8896
8896 8895
8895 8894
8894 8893
8893 8892
8892 8891
8891 8890
8890 8889
8889 8888
8888 8887
8887 8886
8886 8885
8885 8884
8884 8883
8883 8882
8882 8881
8881 8880
8880 8879
8879 8878
8878 8877
8877 8876
8876 8875
8875 8874
8874 8873
8873 8872
8872 8871
8871 8870
8870 8869
8869 8868
8868 8867
8867 8866
8866 8865
8865 8864
8864 8863
8863 8862
8862 8861
8861 8860
8860 8859
8859 8858
8858 8857
8857 8856
8856 8855
8855 8854
8854 8853
8853 8852
8852 8851
8851 8850
8850 8849
8849 8848
8848 8847
8847 8929
8928 8927
8927 8926
8926 8925
8925 8924
8924 8923
8923 8922
8922 8921
8921 8920
8920 8919
8919 8918
8918 8917
8917 8916
8916 8915
8915 8914
8914 8913
8913 8912
8912 8911
8911 8910
8910 8909
8909 8908
8908 8907
8907 8906
8906 8905
8905 8904
8904 8903
8903 8902
8902 8901
8901 8900
8900 8899
8899 8898
8898 8897
8897 8896
8896 8895
8895 8894
8894 8893
8893 8892
8892 8891
8891 8890
8890 8889
8889 8888
8888 8887
8887 8886
8886 8885
8885 8884
8884 8883
8883 8882
8882 8881
8881 8880
8880 8879
8879 8878
8878 8877
8877 8876
8876 8875
8875 8874
8874 8873
8873 8872
8872 8871
8871 8870
8870 8869
8869 8868
8868 8867
8867 8866
8866 8865
8865 8864
8864 8863
8863 8862
8862 8861
8861 8860
8860 8859
8859 8858
8858 8857
8857 8856
8856 8855
8855 8854
8854 8853
8853 8852
8852 8851
8851 8850
8850 8849
8849 8848
8848 8847
8847 8930
8929 8928
8928 8927
8927 8926
8926 8925
8925 8924
8924 8923
8923 8922
8922 8921
8921 8920
8920 8919
8919 8918
8918 8917
8917 8916
8916 8915
8915 8914
8914 8913
8913 8912
8912 8911
8911 8910
8910 8909
8909 8908
8908 8907
8907 8906
8906 8905
8905 8904
8904 8903
8903 8902
8902 8901
8901 8900
8900 8899
8899 8898
8898 8897
8897 8896
8896 8895
8895 8894
8894 8893
8893 8892
8892 8891
8891 8890
8890 8889
8889 8888
8888 8887
8887 8886
8886 8885
8885 8884
8884 8883
8883 8882
8882 8881
8881 8880
8880 8879
8879 8878
8878 8877
8877 8876
8876 8875
8875 8874
8874 8873
8873 8872
8872 8871
8871 8870
8870 8869
8869 8868
8868 8867
8867 8866
8866 8865
8865 8864
8864 8863
8863 8862
8862 8861
8861 8860
8860 8859
8859 8858
8858 8857
8857 8856
8856 8855
8855 8854
8854 8853
8853 8852
8852 8851
8851 8850
8850 8849
8849 8848
8848 8847
8847 8931
8930 8929
8929 8928
8928 8927
8927 8926
8926 8925
8925 8924
8924 8923
8923 8922
8922 8921
8921 8920
8920 8919
8919 8918
8918 8917
8917 8916
8916 8915
8915 8914
8914 8913
8913 8912
8912 8911
8911 8910
8910 8909
8909 8908
8908 8907
8907 8906
8906 8905
8905 8904
8904 8903
8903 8902
8902 8901
8901 8900
8900 8899
8899 8898
8898 8897
8897 8896
8896 8895
8895 8894
8894 8893
8893 8892
8892 8891
8891 8890
8890 8889
8889 8888
8888 8887
8887 8886
8886 8885
8885 8884
8884 8883
8883 8882
8882 8881
8881 8880
8880 8879
8879 8878
8878 8877
8877 8876
8876 8875
8875 8874
8874 8873
8873 8872
8872 8871
8871 8870
8870 8869
8869 8868
8868 8867
8867 8866
8866 8865
8865 8864
8864 8863
8863 8862
8862 8861
8861 8860
8860 8859
8859 8858
8858 8857
8857 8856
8856 8855
8855 8854
8854 8853
8853 8852
8852 8851
8851 8850
8850 8849
8849 8848
8848 8847
8847 8932
8931 8930
8930 8929
8929 8928
8928 8927
8927 8926
8926 8925
8925 8924
8924 8923
8923 8922
8922 8921
8921 8920
8920 8919
8919 8918
8918 8917
8917 8916
8916 8915
8915 8914
8914 8913
8913 8912
8912 8911
8911 8910
8910 8909
8909 8908
8908 8907
8907 8906
8906 8905
8905 8904
8904 8903
8903 8902
8902 8901
8901 8900
8900 8899
8899 8898
8898 8897
8897 8896
8896 8895
8895 8894
8894 8893
8893 8892
8892 8891
8891 8890
8890 8889
8889 8888
8888 8887
8887 8886
8886 8885
8885 8884
8884 8883
8883 8882
8882 8881
8881 8880
8880 8879
8879 8878
8878 8877
8877 8876
8876 8875
8875 8874
8874 8873
8873 8872
8872 8871
8871 8870
8870 8869
8869 8868
8868 8867
8867 8866
8866 8865
8865 8864
8864 8863
8863 8862
8862 8861
8861 8860
8860 8859
8859 8858
8858 8857
8857 8856
8856 8855
8855 8854
8854 8853
8853 8852
8852 8851
8851 8850
8850 8849
8849 8848
8848 8847
8847 8933
8932 8931
8931 8930
8930 8929
8929 8928
8928 8927
8927 8926
8926 8925
8925 8924
8924 8923
8923 8922
8922 8921
8921 8920
8920 8919
8919 8918
8918 8917
8917 8916
8916 8915
8915 8914
8914 8913
8913 8912
8912 8911
8911 8910
8910 8909
8909 8908
8908 8907
8907 8906
8906 8905
8905 8904
8904 8903
8903 8902
8902 8901
8901 8900
8900 8899
8899 8898
8898 8897
8897 8896
8896 8895
8895 8894
8894 8893
8893 8892
8892 8891
8891 8890
8890 8889
8889 8888
8888 8887
8887 8886
8886 8885
8885 8884
8884 8883
8883 8882
8882 8881
8881 8880
8880 8879
8879 8878
8878 8877
8877 8876
8876 8875
8875 8874
8874 8873
8873 8872
8872 8871
8871 8870
8870 8869
8869 8868
8868 8867
8867 8866
8866 8865
8865 8864
8864 8863
8863 8862
8862 8861
8861 8860
8860 8859
8859 8858
8858 8857
8857 8856
8856 8855
8855 8854
8854 8853
8853 8852
8852 8851
8851 8850
8850 8849
8849 8848
8848 8847
8847 8934
8933 8932
8932 8931
8931 8930
8930 8929
8929 8928
8928 8927
8927 8926
8926 8925
8925 8924
8924 8923
8923 8922
8922 8921
8921 8920
8920 8919
8919 8918
8918 8917
8917 8916
8916 8915
8915 8914
8914 8913
8913 8912
8912 8911
8911 8910
8910 8909
8909 8908
8908 8907
8907 8906
8906 8905
8905 8904
8904 8903
8903 8902
8902 8901
8901 8900
8900 8899
8899 8898
8898 8897
8897 8896
8896 8895
8895 8894
8894 8893
8893 8892
8892 8891
8891 8890
8890 8889
8889 8888
8888 8887
8887 8886
8886 8885
8885 8884
8884 8883
8883 8882
8882 8881
8881 8880
8880 8879
8879 8878
8878 8877
8877 8876
8876 8875
8875 8874
8874 8873
8873 8872
8872 8871
8871 8870
8870 8869
8869 8868
8868 8867
8867 8866
8866 8865
8865 8864
8864 8863
8863 8862
8862 8861
8861 8860
8860 8859
8859 8858
8858 8857
8857 8856
8856 8855
8855 8854
8854 8853
8853 8852
8852 8851
8851 8850
8850 8849
8849 8848
8848 8847
8847 8935
8934 8933
8933 8932
8932 8931
8931 8930
8930 8929
8929 8928
8928 8927
8927 8926
8926 8925
8925 8924
8924 8923
8923 8922
8922 8921
8921 8920
8920 8919
8919 8918
8918 8917
8917 8916
8916 8915
8915 8914
8914 8913
8913 8912
8912 8911
8911 8910
8910 8909
8909 8908
8908 8907
8907 8906
8906 8905
8905 8904
8904 8903
8903 8902
8902 8901
8901 8900
8900 8899
8899 8898
8898 8897
8897 8896
8896 8895
8895 8894
8894 8893
8893 8892
8892 8891
8891 8890
8890 8889
8889 8888
8888 8887
8887 8886
8886 8885
8885 8884
8884 8883
8883 8882
8882 8881
8881 8880
8880 8879
8879 8878
8878 8877
8877 8876
8876 8875
8875 8874
8874 8873
8873 8872
8872 8871
8871 8870
8870 8869
8869 8868
8868 8867
8867 8866
8866 8865
8865 8864
8864 8863
8863 8862
8862 8861
8861 8860
8860 8859
8859 8858
8858 8857
8857 8856
8856 8855
8855 8854
8854 8853
8853 8852
8852 8851
8851 8850
8850 8849
8849 8848
8848 8847
8847 8936
8935 8934
8934 8933
8933 8932
8932 8931
8931 8930
8930 8929
8929 8928
8928 8927
8927 8926
8926 8925
8925 8924
8924 8923
8923 8922
8922 8921
8921 8920
8920 8919
8919 8918
8918 8917
8917 8916
8916 8915
8915 8914
8914 8913
8913 8912
8912 8911
8911 8910
8910 8909
8909 8908
8908 8907
8907 8906
8906 8905
8905 8904
8904 8903
8903 8902
8902 8901
8901 8900
8900 8899
8899 8898
8898 8897
8897 8896
8896 8895
8895 8894
8894 8893
8893 8892
8892 8891
8891 8890
8890 8889
8889 8888
8888 8887
8887 8886
8886 8885
8885 8884
8884 8883
8883 8882
8882 8881
8881 8880
8880 8879
8879 8878
8878 8877
8877 8876
8876 8875
8875 8874
8874 8873
8873 8872
8872 8871
8871 8870
8870 8869
8869 8868
8868 8867
8867 8866
8866 8865
8865 8864
8864 8863
8863 8862
8862 8861
8861 8860
8860 8859
8859 8858
8858 8857
8857 8856
8856 8855
8855 8854
8854 8853
8853 8852
8852 8851
8851 8850
8850 8849
8849 8848
8848 8847
8847 8937
8936 8935
8935 8934
8934 8933
8933 8932
8932 8931
8931 8930
8930 8929
8929 8928
8928 8927
8927 8926
8926 8925
8925 8924
8924 8923
8923 8922
8922 8921
8921 8920
8920 8919
8919 8918
8918 8917
8917 8916
8916 8915
8915 8914
8914 8913
8913 8912
8912 8911
8911 8910
8910 8909
8909 8908
8908 8907
8907 8906
8906 8905
8905 8904
8904 8903
8903 8902
8902 8901
8901 8900
8900 8899
8899 8898
8898 8897
8897 8896
8896 8895
8895 8894
8894 8893
8893 8892
8892 8891
8891 8890
8890 8889
8889 8888
8888 8887
8887 8886
8886 8885
8885 8884
8884 8883
8883 8882
8882 8881
8881 8880
8880 8879
8879 8878
8878 8877
8877 8876
8876 8875
8875 8874
8874 8873
8873 8872
8872 8871
8871 8870
8870 8869
8869 8868
8868 8867
8867 8866
8866 8865
8865 8864
8864 8863
8863 8862
8862 8861
8861 8860
8860 8859
8859 8858
8858 8857
8857 8856
8856 8855
8855 8854
8854 8853
8853 8852
8852 8851
8851 8850
8850 8849
8849 8848
8848 8847
8847 8938
8937 8936
8936 8935
8935 8934
8934 8933
8933 8932
8932 8931
8931 8930
8930 8929
8929 8928
8928 8927
8927 8926
8926 8925
8925 8924
8924 8923
8923 8922
8922 8921
8921 8920
8920 8919
8919 8918
8918 8917
8917 8916
8916 8915
8915 8914
8914 8913
8913 8912
8912 8911
8911 8910
8910 8909
8909 8908
8908 8907
8907 8906
8906 8905
8905 8904
8904 8903
8903 8902
8902 8901
8901 8900
8900 8899
8899 8898
8898 8897
8897 8896
8896 8895
8895 8894
8894 8893
8893 8892
8892 8891
8891 8890
8890 8889
8889 8888
8888 8887
8887 8886
8886 8885
8885 8884
8884 8883
8883 8882
8882 8881
8881 8880
8880 8879
8879 8878
8878 8877
8877 8876
8876 8875
8875 8874
8874 8873
8873 8872
8872 8871
8871 8870
8870 8869
8869 8868
8868 8867
8867 8866
8866 8865
8865 8864
8864 8863
8863 8862
8862 8861
8861 8860
8860 8859
8859 8858
8858 8857
8857 8856
8856 8855
8855 8854
8854 8853
8853 8852
8852 8851
8851 8850
8850 8849
8849 8848
8848 8847
8847 8939
8938 8937
8937 8936
8936 8935
8935 8934
8934 8933
8933 8932
8932 8931
8931 8930
8930 8929
8929 8928
8928 8927
8927 8926
8926 8925
8925 8924
8924 8923
8923 8922
8922 8921
8921 8920
8920 8919
8919 8918
8918 8917
8917 8916
8916 8915
8915 8914
8914 8913
8913 8912
8912 8911
8911 8910
8910 8909
8909 8908
8908 8907
8907 8906
8906 8905
8905 8904
8904 8903
8903 8902
8902 8901
8901 8900
8900 8899
8899 8898
8898 8897
8897 8896
8896 8895
8895 8894
8894 8893
8893 8892
8892 8891
8891 8890
8890 8889
8889 8888
8888 8887
8887 8886
8886 8885
8885 8884
8884 8883
8883 8882
8882 8881
8881 8880
8880 8879
8879 8878
8878 8877
8877 8876
8876 8875
8875 8874
8874 8873
8873 8872
8872 8871
8871 8870
8870 8869
8869 8868
8868 8867
8867 8866
8866 8865
8865 8864
8864 8863
8863 8862
8862 8861
8861 8860
8860 8859
8859 8858
8858 8857
8857 8856
8856 8855
8855 8854
8854 8853
8853 8852
8852 8851
8851 8850
8850 8849
8849 8848
8848 8847
8847 8940
8939 8938
8938 8937
8937 8936
8936 8935
8935 8934
8934 8933
8933 8932
8932 8931
8931 8930
8930 8929
8929 8928
8928 8927
8927 8926
8926 8925
8925 8924
8924 8923
8923 8922
8922 8921
8921 8920
8920 8919
8919 8918
8918 8917
8917 8916
8916 8915
8915 8914
8914 8913
8913 8912
8912 8911
8911 8910
8910 8909
8909 8908
8908 8907
8907 8906
8906 8905
8905 8904
8904 8903
8903 8902
8902 8901
8901 8900
8900 8899
8899 8898
8898 8897
8897 8896
8896 8895
8895 8894
8894 8893
8893 8892
8892 8891
8891 8890
8890 8889
8889 8888
8888 8887
8887 8886
8886 8885
8885 8884
8884 8883
8883 8882
8882 8881
8881 8880
8880 8879
8879 8878
8878 8877
8877 8876
8876 8875
8875 8874
8874 8873
8873 8872
8872 8871
8871 8870
8870 8869
8869 8868
8868 8867
8867 8866
8866 8865
8865 8864
8864 8863
8863 8862
8862 8861
8861 8860
8860 8859
8859 8858
8858 8857
8857 8856
8856 8855
8855 8854
8854 8853
8853 8852
8852 8851
8851 8850
8850 8849
8849 8848
8848 8847
8847 8941
8940 8939
8939 8938
8938 8937
8937 8936
8936 8935
8935 8934
8934 8933
8933 8932
8932 8931
8931 8930
8930 8929
8929 8928
8928 8927
8927 8926
8926 8925
8925 8924
8924 8923
8923 8922
8922 8921
8921 8920
8920 8919
8919 8918
8918 8917
8917 8916
8916 8915
8915 8914
8914 8913
8913 8912
8912 8911
8911 8910
8910 8909
8909 8908
8908 8907
8907 8906
8906 8905
8905 8904
8904 8903
8903 8902
8902 8901
8901 8900
8900 8899
8899 8898
8898 8897
8897 8896
8896 8895
8895 8894
8894 8893
8893 8892
8892 8891
8891 8890
8890 8889
8889 8888
8888 8887
8887 8886
8886 8885
8885 8884
8884 8883
8883 8882
8882 8881
8881 8880
8880 8879
8879 8878
8878 8877
8877 8876
8876 8875
8875 8874
8874 8873
8873 8872
8872 8871
8871 8870
8870 8869
8869 8868
8868 8867
8867 8866
8866 8865
8865 8864
8864 8863
8863 8862
8862 8861
8861 8860
8860 8859
8859 8858
8858 8857
8857 8856
8856 8855
8855 8854
8854 8853
8853 8852
8852 8851
8851 8850
8850 8849
8849 8848
8848 8847
8847 8942
8941 8940
8940 8939
8939 8938
8938 8937
8937 8936
8936 8935
8935 8934
8934 8933
8933 8932
8932 8931
8931 8930
8930 8929
8929 8928
8928 8927
8927 8926
8926 8925
8925 8924
8924 8923
8923 8922
8922 8921
8921 8920
8920 8919
8919 8918
8918 8917
8917 8916
8916 8915
8915 8914
8914 8913
8913 8912
8912 8911
8911 8910
8910 8909
8909 8908
8908 8907
8907 8906
8906 8905
8905 8904
8904 8903
8903 8902
8902 8901
8901 8900
8900 8899
8899 8898
8898 8897
8897 8896
8896 8895
8895 8894
8894 8893
8893 8892
8892 8891
8891 8890
8890 8889
8889 8888
8888 8887
8887 8886
8886 8885
8885 8884
8884 8883
8883 8882
8882 8881
8881 8880
8880 8879
8879 8878
8878 8877
8877 8876
8876 8875
8875 8874
8874 8873
8873 8872
8872 8871
8871 8870
8870 8869
8869 8868
8868 8867
8867 8866
8866 8865
8865 8864
8864 8863
8863 8862
8862 8861
8861 8860
8860 8859
8859 8858
8858 8857
8857 8856
8856 8855
8855 8854
8854 8853
8853 8852
8852 8851
8851 8850
8850 8849
8849 8848
8848 8847
8847 8943
8942 8941
8941 8940
8940 8939
8939 8938
8938 8937
8937 8936
8936 8935
8935 8934
8934 8933
8933 8932
8932 8931
8931 8930
8930 8929
8929 8928
8928 8927
8927 8926
8926 8925
8925 8924
8924 8923
8923 8922
8922 8921
8921 8920
8920 8919
8919 8918
8918 8917
8917 8916
8916 8915
8915 8914
8914 8913
8913 8912
8912 8911
8911 8910
8910 8909
8909 8908
8908 8907
8907 8906
8906 8905
8905 8904
8904 8903
8903 8902
8902 8901
8901 8900
8900 8899
8899 8898
8898 8897
8897 8896
8896 8895
8895 8894
8894 8893
8893 8892
8892 8891
8891 8890
8890 8889
8889 8888
8888 8887
8887 8886
8886 8885
8885 8884
8884 8883
8883 8882
8882 8881
8881 8880
8880 8879
8879 8878
8878 8877
8877 8876
8876 8875
8875 8874
8874 8873
8873 8872
8872 8871
8871 8870
8870 8869
8869 8868
8868 8867
8867 8866
8866 8865
8865 8864
8864 8863
8863 8862
8862 8861
8861 8860
8860 8859
8859 8858
8858 8857
8857 8856
8856 8855
8855 8854
8854 8853
8853 8852
8852 8851
8851 8850
8850 8849
8849 8848
8848 8847
8847 8944
8943 8942
8942 8941
8941 8940
8940 8939
8939 8938
8938 8937
8937 8936
8936 8935
8935 8934
8934 8933
8933 8932
8932 8931
8931 8930
8930 8929
8929 8928
8928 8927
8927 8926
8926 8925
8925 8924
8924 8923
8923 8922
8922 8921
8921 8920
8920 8919
8919 8918
8918 8917
8917 8916
8916 8915
8915 8914
8914 8913
8913 8912
8912 8911
8911 8910
8910 8909
8909 8908
8908 8907
8907 8906
8906 8905
8905 8904
8904 8903
8903 8902
8902 8901
8901 8900
8900 8899
8899 8898
8898 8897
8897 8896
8896 8895
8895 8894
8894 8893
8893 8892
8892 8891
8891 8890
8890 8889
8889 8888
8888 8887
8887 8886
8886 8885
8885 8884
8884 8883
8883 8882
8882 8881
8881 8880
8880 8879
8879 8878
8878 8877
8877 8876
8876 8875
8875 8874
8874 8873
8873 8872
8872 8871
8871 8870
8870 8869
8869 8868
8868 8867
8867 8866
8866 8865
8865 8864
8864 8863
8863 8862
8862 8861
8861 8860
8860 8859
8859 8858
8858 8857
8857 8856
8856 8855
8855 8854
8854 8853
8853 8852
8852 8851
8851 8850
8850 8849
8849 8848
8848 8847
8847 8945
8944 8943
8943 8942
8942 8941
8941 8940
8940 8939
8939 8938
8938 8937
8937 8936
8936 8935
8935 8934
8934 8933
8933 8932
8932 8931
8931 8930
8930 8929
8929 8928
8928 8927
8927 8926
8926 8925
8925 8924
8924 8923
8923 8922
8922 8921
8921 8920
8920 8919
8919 8918
8918 8917
8917 8916
8916 8915
8915 8914
8914 8913
8913 8912
8912 8911
8911 8910
8910 8909
8909 8908
8908 8907
8907 8906
8906 8905
8905 8904
8904 8903
8903 8902
8902 8901
8901 8900
8900 8899
8899 8898
8898 8897
8897 8896
8896 8895
8895 8894
8894 8893
8893 8892
8892 8891
8891 8890
8890 8889
8889 8888
8888 8887
8887 8886
8886 8885
8885 8884
8884 8883
8883 8882
8882 8881
8881 8880
8880 8879
8879 8878
8878 8877
8877 8876
8876 8875
8875 8874
8874 8873
8873 8872
8872 8871
8871 8870
8870 8869
8869 8868
8868 8867
8867 8866
8866 8865
8865 8864
8864 8863
8863 8862
8862 8861
8861 8860
8860 8859
8859 8858
8858 8857
8857 8856
8856 8855
8855 8854
8854 8853
8853 8852
8852 8851
8851 8850
8850 8849
8849 8848
8848 8847
8847 8946
8945 8944
8944 8943
8943 8942
8942 8941
8941 8940
8940 8939
8939 8938
8938 8937
8937 8936
8936 8935
8935 8934
8934 8933
8933 8932
8932 8931
8931 8930
8930 8929
8929 8928
8928 8927
8927 8926
8926 8925
8925 8924
8924 8923
8923 8922
8922 8921
8921 8920
8920 8919
8919 8918
8918 8917
8917 8916
8916 8915
8915 8914
8914 8913
8913 8912
8912 8911
8911 8910
8910 8909
8909 8908
8908 8907
8907 8906
8906 8905
8905 8904
8904 8903
8903 8902
8902 8901
8901 8900
8900 8899
8899 8898
8898 8897
8897 8896
8896 8895
8895 8894
8894 8893
8893 8892
8892 8891
8891 8890
8890 8889
8889 8888
8888 8887
8887 8886
8886 8885
8885 8884
8884 8883
8883 8882
8882 8881
8881 8880
8880 8879
8879 8878
8878 8877
8877 8876
8876 8875
8875 8874
8874 8873
8873 8872
8872 8871
8871 8870
8870 8869
8869 8868
8868 8867
8867 8866
8866 8865
8865 8864
8864 8863
8863 8862
8862 8861
8861 8860
8860 8859
8859 8858
8858 8857
8857 8856
8856 8855
8855 8854
8854 8853
8853 8852
8852 8851
8851 8850
8850 8849
8849 8848
8848 8847
8847 8947
8946 8945
8945 8944
8944 8943
8943 8942
8942 8941
8941 8940
8940 8939
8939 8938
8938 8937
8937 8936
8936 8935
8935 8934
8934 8933
8933 8932
8932 8931
8931 8930
8930 8929
8929 8928
8928 8927
8927 8926
8926 8925
8925 8924
8924 8923
8923 8922
8922 8921
8921 8920
8920 8919
8919 8918
8918 8917
8917 8916
8916 8915
8915 8914
8914 8913
8913 8912
8912 8911
8911 8910
8910 8909
8909 8908
8908 8907
8907 8906
8906 8905
8905 8904
8904 8903
8903 8902
8902 8901
8901 8900
8900 8899
8899 8898
8898 8897
8897 8896
8896 8895
8895 8894
8894 8893
8893 8892
8892 8891
8891 8890
8890 8889
8889 8888
8888 8887
8887 8886
8886 8885
8885 8884
8884 8883
8883 8882
8882 8881
8881 8880
8880 8879
8879 8878
8878 8877
8877 8876
8876 8875
8875 8874
8874 8873
8873 8872
8872 8871
8871 8870
8870 8869
8869 8868
8868 8867
8867 8866
8866 8865
8865 8864
8864 8863
8863 8862
8862 8861
8861 8860
8860 8859
8859 8858
8858 8857
8857 8856
8856 8855
8855 8854
8854 8853
8853 8852
8852 8851
8851 8850
8850 8849
8849 8848
8848 8847
8847 8948
8947 8946
8946 8945
8945 8944
8944 8943
8943 8942
8942 8941
8941 8940
8940 8939
8939 8938
8938 8937
8937 8936
8936 8935
8935 8934
8934 8933
8933 8932
8932 8931
8931 8930
8930 8929
8929 8928
8928 8927
8927 8926
8926 8925
8925 8924
8924 8923
8923 8922
8922 8921
8921 8920
8920 8919
8919 8918
8918 8917
8917 8916
8916 8915
8915 8914
8914 8913
8913 8912
8912 8911
8911 8910
8910 8909
8909 8908
8908 8907
8907 8906
8906 8905
8905 8904
8904 8903
8903 8902
8902 8901
8901 8900
8900 8899
8899 8898
8898 8897
8897 8896
8896 8895
8895 8894
8894 8893
8893 8892
8892 8891
8891 8890
8890 8889
8889 8888
8888 8887
8887 8886
8886 8885
8885 8884
8884 8883
8883 8882
8882 8881
8881 8880
8880 8879
8879 8878
8878 8877
8877 8876
8876 8875
8875 8874
8874 8873
8873 8872
8872 8871
8871 8870
8870 8869
8869 8868
8868 8867
8867 8866
8866 8865
8865 8864
8864 8863
8863 8862
8862 8861
8861 8860
8860 8859
8859 8858
8858 8857
8857 8856
8856 8855
8855 8854
8854 8853
8853 8852
8852 8851
8851 8850
8850 8849
8849 8848
8848 8847
8847 8949
8948 8947
8947 8946
8946 8945
8945 8944
8944 8943
8943 8942
8942 8941
8941 8940
8940 8939
8939 8938
8938 8937
8937 8936
8936 8935
8935 8934
8934 8933
8933 8932
8932 8931
8931 8930
8930 8929
8929 8928
8928 8927
8927 8926
8926 8925
8925 8924
8924 8923
8923 8922
8922 8921
8921 8920
8920 8919
8919 8918
8918 8917
8917 8916
8916 8915
8915 8914
8914 8913
8913 8912
8912 8911
8911 8910
8910 8909
8909 8908
8908 8907
8907 8906
8906 8905
8905 8904
8904 8903
8903 8902
8902 8901
8901 8900
8900 8899
8899 8898
8898 8897
8897 8896
8896 8895
8895 8894
8894 8893
8893 8892
8892 8891
8891 8890
8890 8889
8889 8888
8888 8887
8887 8886
8886 8885
8885 8884
8884 8883
8883 8882
8882 8881
8881 8880
8880 8879
8879 8878
8878 8877
8877 8876
8876 8875
8875 8874
8874 8873
8873 8872
8872 8871
8871 8870
8870 8869
8869 8868
8868 8867
8867 8866
8866 8865
8865 8864
8864 8863
8863 8862
8862 8861
8861 8860
8860 8859
8859 8858
8858 8857
8857 8856
8856 8855
8855 8854
8854 8853
8853 8852
8852 8851
8851 8850
8850 8849
8849 8848
8848 8847
8847 8950
8949 8948
8948 8947
8947 8946
8946 8945
8945 8944
8944 8943
8943 8942
8942 8941
8941 8940
8940 8939
8939 8938
8938 8937
8937 8936
8936 8935
8935 8934
8934 8933
8933 8932
8932 8931
8931 8930
8930 8929
8929 8928
8928 8927
8927 8926
8926 8925
8925 8924
8924 8923
8923 8922
8922 8921
8921 8920
8920 8919
8919 8918
8918 8917
8917 8916
8916 8915
8915 8914
8914 8913
8913 8912
8912 8911
8911 8910
8910 8909
8909 8908
8908 8907
8907 8906
8906 8905
8905 8904
8904 8903
8903 8902
8902 8901
8901 8900
8900 8899
8899 8898
8898 8897
8897 8896
8896 8895
8895 8894
8894 8893
8893 8892
8892 8891
8891 8890
8890 8889
8889 8888
8888 8887
8887 8886
8886 8885
8885 8884
8884 8883
8883 8882
8882 8881
8881 8880
8880 8879
8879 8878
8878 8877
8877 8876
8876 8875
8875 8874
8874 8873
8873 8872
8872 8871
8871 8870
8870 8869
8869 8868
8868 8867
8867 8866
8866 8865
8865 8864
8864 8863
8863 8862
8862 8861
8861 8860
8860 8859
8859 8858
8858 8857
8857 8856
8856 8855
8855 8854
8854 8853
8853 8852
8852 8851
8851 8850
8850 8849
8849 8848
8848 8847
8847 8951
8950 8949
8949 8948
8948 8947
8947 8946
8946 8945
8945 8944
8944 8943
8943 8942
8942 8941
8941 8940
8940 8939
8939 8938
8938 8937
8937 8936
8936 8935
8935 8934
8934 8933
8933 8932
8932 8931
8931 8930
8930 8929
8929 8928
8928 8927
8927 8926
8926 8925
8925 8924
8924 8923
8923 8922
8922 8921
8921 8920
8920 8919
8919 8918
8918 8917
8917 8916
8916 8915
8915 8914
8914 8913
8913 8912
8912 8911
8911 8910
8910 8909
8909 8908
8908 8907
8907 8906
8906 8905
8905 8904
8904 8903
8903 8902
8902 8901
8901 8900
8900 8899
8899 8898
8898 8897
8897 8896
8896 8895
8895 8894
8894 8893
8893 8892
8892 8891
8891 8890
8890 8889
8889 8888
8888 8887
8887 8886
8886 8885
8885 8884
8884 8883
8883 8882
8882 8881
8881 8880
8880 8879
8879 8878
8878 8877
8877 8876
8876 8875
8875 8874
8874 8873
8873 8872
8872 8871
8871 8870
8870 8869
8869 8868
8868 8867
8867 8866
8866 8865
8865 8864
8864 8863
8863 8862
8862 8861
8861 8860
8860 8859
8859 8858
8858 8857
8857 8856
8856 8855
8855 8854
8854 8853
8853 8852
8852 8851
8851 8850
8850 8849
8849 8848
8848 8847
8847 8952
8951 8950
8950 8949
8949 8948
8948 8947
8947 8946
8946 8945
8945 8944
8944 8943
8943 8942
8942 8941
8941 8940
8940 8939
8939 8938
8938 8937
8937 8936
8936 8935
8935 8934
8934 8933
8933 8932
8932 8931
8931 8930
8930 8929
8929 8928
8928 8927
8927 8926
8926 8925
8925 8924
8924 8923
8923 8922
8922 8921
8921 8920
8920 8919
8919 8918
8918 8917
8917 8916
8916 8915
8915 8914
8914 8913
8913 8912
8912 8911
8911 8910
8910 8909
8909 8908
8908 8907
8907 8906
8906 8905
8905 8904
8904 8903
8903 8902
8902 8901
8901 8900
8900 8899
8899 8898
8898 8897
8897 8896
8896 8895
8895 8894
8894 8893
8893 8892
8892 8891
8891 8890
8890 8889
8889 8888
8888 8887
8887 8886
8886 8885
8885 8884
8884 8883
8883 8882
8882 8881
8881 8880
8880 8879
8879 8878
8878 8877
8877 8876
8876 8875
8875 8874
8874 8873
8873 8872
8872 8871
8871 8870
8870 8869
8869 8868
8868 8867
8867 8866
8866 8865
8865 8864
8864 8863
8863 8862
8862 8861
8861 8860
8860 8859
8859 8858
8858 8857
8857 8856
8856 8855
8855 8854
8854 8853
8853 8852
8852 8851
8851 8850
8850 8849
8849 8848
8848 8847
