Case #1: 
0 0 2 4 
0 0 4 8 
0 2 16 32 
0 0 4 16 
Case #2: 
0 2 2 4 
0 0 4 8 
0 0 16 32 
0 0 4 16 
Case #3: 
0 0 0 0 
0 0 0 0 
0 0 0 0 
0 0 0 0 
Case #4: 
0 0 0 0 0 0 0 0 0 0 0 0 0 0 0 0 0 0 0 0 
0 0 0 0 0 0 0 0 0 0 0 0 0 0 0 0 0 0 0 0 
0 0 0 0 0 0 0 0 0 0 0 0 0 0 0 0 0 0 0 0 
0 0 0 0 0 0 0 0 0 0 0 0 0 0 0 0 0 0 0 0 
0 0 0 0 0 0 0 0 0 0 0 0 0 0 0 0 0 0 0 0 
0 0 0 0 0 0 0 0 0 0 0 0 0 0 0 0 0 0 0 0 
0 0 0 0 0 0 0 0 0 0 0 0 0 0 0 0 0 0 0 0 
0 0 0 0 0 0 0 0 0 0 0 0 0 0 0 0 0 0 0 0 
0 0 0 0 0 0 0 0 0 0 0 0 0 0 0 0 0 0 0 0 
0 0 0 0 0 0 0 0 0 0 0 0 0 0 0 0 0 0 0 0 
4 4 4 4 4 4 4 4 4 4 4 4 4 4 4 4 4 4 4 4 
4 4 4 4 4 4 4 4 4 4 4 4 4 4 4 4 4 4 4 4 
4 4 4 4 4 4 4 4 4 4 4 4 4 4 4 4 4 4 4 4 
4 4 4 4 4 4 4 4 4 4 4 4 4 4 4 4 4 4 4 4 
4 4 4 4 4 4 4 4 4 4 4 4 4 4 4 4 4 4 4 4 
4 4 4 4 4 4 4 4 4 4 4 4 4 4 4 4 4 4 4 4 
4 4 4 4 4 4 4 4 4 4 4 4 4 4 4 4 4 4 4 4 
4 4 4 4 4 4 4 4 4 4 4 4 4 4 4 4 4 4 4 4 
4 4 4 4 4 4 4 4 4 4 4 4 4 4 4 4 4 4 4 4 
4 4 4 4 4 4 4 4 4 4 4 4 4 4 4 4 4 4 4 4 
Case #5: 
4 4 4 4 4 4 4 4 4 4 0 0 0 0 0 0 0 0 0 0 
4 4 4 4 4 4 4 4 4 4 0 0 0 0 0 0 0 0 0 0 
4 4 4 4 4 4 4 4 4 4 0 0 0 0 0 0 0 0 0 0 
4 4 4 4 4 4 4 4 4 4 0 0 0 0 0 0 0 0 0 0 
4 4 4 4 4 4 4 4 4 4 0 0 0 0 0 0 0 0 0 0 
4 4 4 4 4 4 4 4 4 4 0 0 0 0 0 0 0 0 0 0 
4 4 4 4 4 4 4 4 4 4 0 0 0 0 0 0 0 0 0 0 
4 4 4 4 4 4 4 4 4 4 0 0 0 0 0 0 0 0 0 0 
4 4 4 4 4 4 4 4 4 4 0 0 0 0 0 0 0 0 0 0 
4 4 4 4 4 4 4 4 4 4 0 0 0 0 0 0 0 0 0 0 
4 4 4 4 4 4 4 4 4 4 0 0 0 0 0 0 0 0 0 0 
4 4 4 4 4 4 4 4 4 4 0 0 0 0 0 0 0 0 0 0 
4 4 4 4 4 4 4 4 4 4 0 0 0 0 0 0 0 0 0 0 
4 4 4 4 4 4 4 4 4 4 0 0 0 0 0 0 0 0 0 0 
4 4 4 4 4 4 4 4 4 4 0 0 0 0 0 0 0 0 0 0 
4 4 4 4 4 4 4 4 4 4 0 0 0 0 0 0 0 0 0 0 
4 4 4 4 4 4 4 4 4 4 0 0 0 0 0 0 0 0 0 0 
4 4 4 4 4 4 4 4 4 4 0 0 0 0 0 0 0 0 0 0 
4 4 4 4 4 4 4 4 4 4 0 0 0 0 0 0 0 0 0 0 
4 4 4 4 4 4 4 4 4 4 0 0 0 0 0 0 0 0 0 0 
Case #6: 
0 0 0 0 0 0 0 0 0 0 4 4 4 4 4 4 4 4 4 4 
0 0 0 0 0 0 0 0 0 0 4 4 4 4 4 4 4 4 4 4 
0 0 0 0 0 0 0 0 0 0 4 4 4 4 4 4 4 4 4 4 
0 0 0 0 0 0 0 0 0 0 4 4 4 4 4 4 4 4 4 4 
0 0 0 0 0 0 0 0 0 0 4 4 4 4 4 4 4 4 4 4 
0 0 0 0 0 0 0 0 0 0 4 4 4 4 4 4 4 4 4 4 
0 0 0 0 0 0 0 0 0 0 4 4 4 4 4 4 4 4 4 4 
0 0 0 0 0 0 0 0 0 0 4 4 4 4 4 4 4 4 4 4 
0 0 0 0 0 0 0 0 0 0 4 4 4 4 4 4 4 4 4 4 
0 0 0 0 0 0 0 0 0 0 4 4 4 4 4 4 4 4 4 4 
0 0 0 0 0 0 0 0 0 0 4 4 4 4 4 4 4 4 4 4 
0 0 0 0 0 0 0 0 0 0 4 4 4 4 4 4 4 4 4 4 
0 0 0 0 0 0 0 0 0 0 4 4 4 4 4 4 4 4 4 4 
0 0 0 0 0 0 0 0 0 0 4 4 4 4 4 4 4 4 4 4 
0 0 0 0 0 0 0 0 0 0 4 4 4 4 4 4 4 4 4 4 
0 0 0 0 0 0 0 0 0 0 4 4 4 4 4 4 4 4 4 4 
0 0 0 0 0 0 0 0 0 0 4 4 4 4 4 4 4 4 4 4 
0 0 0 0 0 0 0 0 0 0 4 4 4 4 4 4 4 4 4 4 
0 0 0 0 0 0 0 0 0 0 4 4 4 4 4 4 4 4 4 4 
0 0 0 0 0 0 0 0 0 0 4 4 4 4 4 4 4 4 4 4 
Case #7: 
4 4 4 4 4 4 4 4 4 4 4 4 4 4 4 4 4 4 4 4 
4 4 4 4 4 4 4 4 4 4 4 4 4 4 4 4 4 4 4 4 
4 4 4 4 4 4 4 4 4 4 4 4 4 4 4 4 4 4 4 4 
4 4 4 4 4 4 4 4 4 4 4 4 4 4 4 4 4 4 4 4 
4 4 4 4 4 4 4 4 4 4 4 4 4 4 4 4 4 4 4 4 
4 4 4 4 4 4 4 4 4 4 4 4 4 4 4 4 4 4 4 4 
4 4 4 4 4 4 4 4 4 4 4 4 4 4 4 4 4 4 4 4 
4 4 4 4 4 4 4 4 4 4 4 4 4 4 4 4 4 4 4 4 
4 4 4 4 4 4 4 4 4 4 4 4 4 4 4 4 4 4 4 4 
4 4 4 4 4 4 4 4 4 4 4 4 4 4 4 4 4 4 4 4 
0 0 0 0 0 0 0 0 0 0 0 0 0 0 0 0 0 0 0 0 
0 0 0 0 0 0 0 0 0 0 0 0 0 0 0 0 0 0 0 0 
0 0 0 0 0 0 0 0 0 0 0 0 0 0 0 0 0 0 0 0 
0 0 0 0 0 0 0 0 0 0 0 0 0 0 0 0 0 0 0 0 
0 0 0 0 0 0 0 0 0 0 0 0 0 0 0 0 0 0 0 0 
0 0 0 0 0 0 0 0 0 0 0 0 0 0 0 0 0 0 0 0 
0 0 0 0 0 0 0 0 0 0 0 0 0 0 0 0 0 0 0 0 
0 0 0 0 0 0 0 0 0 0 0 0 0 0 0 0 0 0 0 0 
0 0 0 0 0 0 0 0 0 0 0 0 0 0 0 0 0 0 0 0 
0 0 0 0 0 0 0 0 0 0 0 0 0 0 0 0 0 0 0 0 
Case #8: 
4 8 16 32 64 128 256 512 1024 2048 0 0 0 0 0 0 0 0 0 0 
4 8 16 32 64 128 256 512 1024 2048 0 0 0 0 0 0 0 0 0 0 
4 8 16 32 64 128 256 512 1024 2048 0 0 0 0 0 0 0 0 0 0 
4 8 16 32 64 128 256 512 1024 2048 0 0 0 0 0 0 0 0 0 0 
4 8 16 32 64 128 256 512 1024 2048 0 0 0 0 0 0 0 0 0 0 
4 8 16 32 64 128 256 512 1024 2048 0 0 0 0 0 0 0 0 0 0 
4 8 16 32 64 128 256 512 1024 2048 0 0 0 0 0 0 0 0 0 0 
4 8 16 32 64 128 256 512 1024 2048 0 0 0 0 0 0 0 0 0 0 
4 8 16 32 64 128 256 512 1024 2048 0 0 0 0 0 0 0 0 0 0 
4 8 16 32 64 128 256 512 1024 2048 0 0 0 0 0 0 0 0 0 0 
4 8 16 32 64 128 256 512 1024 2048 0 0 0 0 0 0 0 0 0 0 
4 8 16 32 64 128 256 512 1024 2048 0 0 0 0 0 0 0 0 0 0 
4 8 16 32 64 128 256 512 1024 2048 0 0 0 0 0 0 0 0 0 0 
4 8 16 32 64 128 256 512 1024 2048 0 0 0 0 0 0 0 0 0 0 
4 8 16 32 64 128 256 512 1024 2048 0 0 0 0 0 0 0 0 0 0 
4 8 16 32 64 128 256 512 1024 2048 0 0 0 0 0 0 0 0 0 0 
4 8 16 32 64 128 256 512 1024 2048 0 0 0 0 0 0 0 0 0 0 
4 8 16 32 64 128 256 512 1024 2048 0 0 0 0 0 0 0 0 0 0 
4 8 16 32 64 128 256 512 1024 2048 0 0 0 0 0 0 0 0 0 0 
4 8 16 32 64 128 256 512 1024 2048 0 0 0 0 0 0 0 0 0 0 
Case #9: 
0 0 0 0 0 0 0 0 0 0 0 0 0 0 0 0 0 0 0 0 
0 0 0 0 0 0 0 0 0 0 0 0 0 0 0 0 0 0 0 0 
0 0 0 0 0 0 0 0 0 0 0 0 0 0 0 0 0 0 0 0 
0 0 0 0 0 0 0 0 0 0 0 0 0 0 0 0 0 0 0 0 
0 0 0 0 0 0 0 0 0 0 0 0 0 0 0 0 0 0 0 0 
0 0 0 0 0 0 0 0 0 0 0 0 0 0 0 0 0 0 0 0 
0 0 0 0 0 0 0 0 0 0 0 0 0 0 0 0 0 0 0 0 
0 0 0 0 0 0 0 0 0 0 0 0 0 0 0 0 0 0 0 0 
0 0 0 0 0 0 0 0 0 0 0 0 0 0 0 0 0 0 0 0 
0 0 0 0 0 0 0 0 0 0 0 0 0 0 0 0 0 0 0 0 
2048 2048 2048 2048 2048 2048 2048 2048 2048 2048 2048 2048 2048 2048 2048 2048 2048 2048 2048 2048 
2048 2048 2048 2048 2048 2048 2048 2048 2048 2048 2048 2048 2048 2048 2048 2048 2048 2048 2048 2048 
2048 2048 2048 2048 2048 2048 2048 2048 2048 2048 2048 2048 2048 2048 2048 2048 2048 2048 2048 2048 
2048 2048 2048 2048 2048 2048 2048 2048 2048 2048 2048 2048 2048 2048 2048 2048 2048 2048 2048 2048 
2048 2048 2048 2048 2048 2048 2048 2048 2048 2048 2048 2048 2048 2048 2048 2048 2048 2048 2048 2048 
2048 2048 2048 2048 2048 2048 2048 2048 2048 2048 2048 2048 2048 2048 2048 2048 2048 2048 2048 2048 
2048 2048 2048 2048 2048 2048 2048 2048 2048 2048 2048 2048 2048 2048 2048 2048 2048 2048 2048 2048 
2048 2048 2048 2048 2048 2048 2048 2048 2048 2048 2048 2048 2048 2048 2048 2048 2048 2048 2048 2048 
2048 2048 2048 2048 2048 2048 2048 2048 2048 2048 2048 2048 2048 2048 2048 2048 2048 2048 2048 2048 
2048 2048 2048 2048 2048 2048 2048 2048 2048 2048 2048 2048 2048 2048 2048 2048 2048 2048 2048 2048 
Case #10: 
2048 2048 2048 2048 2048 2048 2048 2048 2048 2048 0 0 0 0 0 0 0 0 0 0 
2048 2048 2048 2048 2048 2048 2048 2048 2048 2048 0 0 0 0 0 0 0 0 0 0 
2048 2048 2048 2048 2048 2048 2048 2048 2048 2048 0 0 0 0 0 0 0 0 0 0 
2048 2048 2048 2048 2048 2048 2048 2048 2048 2048 0 0 0 0 0 0 0 0 0 0 
2048 2048 2048 2048 2048 2048 2048 2048 2048 2048 0 0 0 0 0 0 0 0 0 0 
2048 2048 2048 2048 2048 2048 2048 2048 2048 2048 0 0 0 0 0 0 0 0 0 0 
2048 2048 2048 2048 2048 2048 2048 2048 2048 2048 0 0 0 0 0 0 0 0 0 0 
2048 2048 2048 2048 2048 2048 2048 2048 2048 2048 0 0 0 0 0 0 0 0 0 0 
2048 2048 2048 2048 2048 2048 2048 2048 2048 2048 0 0 0 0 0 0 0 0 0 0 
2048 2048 2048 2048 2048 2048 2048 2048 2048 2048 0 0 0 0 0 0 0 0 0 0 
2048 2048 2048 2048 2048 2048 2048 2048 2048 2048 0 0 0 0 0 0 0 0 0 0 
2048 2048 2048 2048 2048 2048 2048 2048 2048 2048 0 0 0 0 0 0 0 0 0 0 
2048 2048 2048 2048 2048 2048 2048 2048 2048 2048 0 0 0 0 0 0 0 0 0 0 
2048 2048 2048 2048 2048 2048 2048 2048 2048 2048 0 0 0 0 0 0 0 0 0 0 
2048 2048 2048 2048 2048 2048 2048 2048 2048 2048 0 0 0 0 0 0 0 0 0 0 
2048 2048 2048 2048 2048 2048 2048 2048 2048 2048 0 0 0 0 0 0 0 0 0 0 
2048 2048 2048 2048 2048 2048 2048 2048 2048 2048 0 0 0 0 0 0 0 0 0 0 
2048 2048 2048 2048 2048 2048 2048 2048 2048 2048 0 0 0 0 0 0 0 0 0 0 
2048 2048 2048 2048 2048 2048 2048 2048 2048 2048 0 0 0 0 0 0 0 0 0 0 
2048 2048 2048 2048 2048 2048 2048 2048 2048 2048 0 0 0 0 0 0 0 0 0 0 
Case #11: 
0 0 0 0 0 0 0 0 0 0 2048 2048 2048 2048 2048 2048 2048 2048 2048 2048 
0 0 0 0 0 0 0 0 0 0 2048 2048 2048 2048 2048 2048 2048 2048 2048 2048 
0 0 0 0 0 0 0 0 0 0 2048 2048 2048 2048 2048 2048 2048 2048 2048 2048 
0 0 0 0 0 0 0 0 0 0 2048 2048 2048 2048 2048 2048 2048 2048 2048 2048 
0 0 0 0 0 0 0 0 0 0 2048 2048 2048 2048 2048 2048 2048 2048 2048 2048 
0 0 0 0 0 0 0 0 0 0 2048 2048 2048 2048 2048 2048 2048 2048 2048 2048 
0 0 0 0 0 0 0 0 0 0 2048 2048 2048 2048 2048 2048 2048 2048 2048 2048 
0 0 0 0 0 0 0 0 0 0 2048 2048 2048 2048 2048 2048 2048 2048 2048 2048 
0 0 0 0 0 0 0 0 0 0 2048 2048 2048 2048 2048 2048 2048 2048 2048 2048 
0 0 0 0 0 0 0 0 0 0 2048 2048 2048 2048 2048 2048 2048 2048 2048 2048 
0 0 0 0 0 0 0 0 0 0 2048 2048 2048 2048 2048 2048 2048 2048 2048 2048 
0 0 0 0 0 0 0 0 0 0 2048 2048 2048 2048 2048 2048 2048 2048 2048 2048 
0 0 0 0 0 0 0 0 0 0 2048 2048 2048 2048 2048 2048 2048 2048 2048 2048 
0 0 0 0 0 0 0 0 0 0 2048 2048 2048 2048 2048 2048 2048 2048 2048 2048 
0 0 0 0 0 0 0 0 0 0 2048 2048 2048 2048 2048 2048 2048 2048 2048 2048 
0 0 0 0 0 0 0 0 0 0 2048 2048 2048 2048 2048 2048 2048 2048 2048 2048 
0 0 0 0 0 0 0 0 0 0 2048 2048 2048 2048 2048 2048 2048 2048 2048 2048 
0 0 0 0 0 0 0 0 0 0 2048 2048 2048 2048 2048 2048 2048 2048 2048 2048 
0 0 0 0 0 0 0 0 0 0 2048 2048 2048 2048 2048 2048 2048 2048 2048 2048 
0 0 0 0 0 0 0 0 0 0 2048 2048 2048 2048 2048 2048 2048 2048 2048 2048 
Case #12: 
2048 2048 2048 2048 2048 2048 2048 2048 2048 2048 2048 2048 2048 2048 2048 2048 2048 2048 2048 2048 
2048 2048 2048 2048 2048 2048 2048 2048 2048 2048 2048 2048 2048 2048 2048 2048 2048 2048 2048 2048 
2048 2048 2048 2048 2048 2048 2048 2048 2048 2048 2048 2048 2048 2048 2048 2048 2048 2048 2048 2048 
2048 2048 2048 2048 2048 2048 2048 2048 2048 2048 2048 2048 2048 2048 2048 2048 2048 2048 2048 2048 
2048 2048 2048 2048 2048 2048 2048 2048 2048 2048 2048 2048 2048 2048 2048 2048 2048 2048 2048 2048 
2048 2048 2048 2048 2048 2048 2048 2048 2048 2048 2048 2048 2048 2048 2048 2048 2048 2048 2048 2048 
2048 2048 2048 2048 2048 2048 2048 2048 2048 2048 2048 2048 2048 2048 2048 2048 2048 2048 2048 2048 
2048 2048 2048 2048 2048 2048 2048 2048 2048 2048 2048 2048 2048 2048 2048 2048 2048 2048 2048 2048 
2048 2048 2048 2048 2048 2048 2048 2048 2048 2048 2048 2048 2048 2048 2048 2048 2048 2048 2048 2048 
2048 2048 2048 2048 2048 2048 2048 2048 2048 2048 2048 2048 2048 2048 2048 2048 2048 2048 2048 2048 
0 0 0 0 0 0 0 0 0 0 0 0 0 0 0 0 0 0 0 0 
0 0 0 0 0 0 0 0 0 0 0 0 0 0 0 0 0 0 0 0 
0 0 0 0 0 0 0 0 0 0 0 0 0 0 0 0 0 0 0 0 
0 0 0 0 0 0 0 0 0 0 0 0 0 0 0 0 0 0 0 0 
0 0 0 0 0 0 0 0 0 0 0 0 0 0 0 0 0 0 0 0 
0 0 0 0 0 0 0 0 0 0 0 0 0 0 0 0 0 0 0 0 
0 0 0 0 0 0 0 0 0 0 0 0 0 0 0 0 0 0 0 0 
0 0 0 0 0 0 0 0 0 0 0 0 0 0 0 0 0 0 0 0 
0 0 0 0 0 0 0 0 0 0 0 0 0 0 0 0 0 0 0 0 
0 0 0 0 0 0 0 0 0 0 0 0 0 0 0 0 0 0 0 0 
Case #13: 
0 0 0 0 0 0 0 0 0 0 0 0 0 0 0 0 0 0 0 0 
0 0 0 0 0 0 0 0 0 0 0 0 0 0 0 0 0 0 0 0 
0 0 0 0 0 0 0 0 0 0 0 0 0 0 0 0 0 0 0 0 
0 0 0 0 0 0 0 0 0 0 0 0 0 0 0 0 0 0 0 0 
0 0 0 0 0 0 0 0 0 0 0 0 0 0 0 0 0 0 0 0 
0 0 0 0 0 0 0 0 0 0 0 0 0 0 0 0 0 0 0 0 
0 0 0 0 0 0 0 0 0 0 0 0 0 0 0 0 0 0 0 0 
0 0 0 0 0 0 0 0 0 0 0 0 0 0 0 0 0 0 0 0 
0 0 0 0 0 0 0 0 0 0 0 0 0 0 0 0 0 0 0 0 
0 0 0 0 0 0 0 0 0 0 0 0 0 0 0 0 0 0 0 0 
0 0 0 0 0 0 0 0 0 0 0 0 0 0 0 0 0 0 0 0 
0 0 0 2 0 0 0 2 4 0 0 0 0 0 0 0 0 0 0 0 
0 0 0 8 0 0 0 256 64 0 0 0 0 0 0 0 0 0 0 0 
0 0 0 128 0 0 0 2 4 0 0 0 0 0 0 0 0 0 0 0 
0 0 0 8 0 0 0 1024 512 0 0 0 0 2 0 0 0 0 0 2 
2 1024 0 512 512 0 0 8 256 0 0 0 0 4 2 8 0 32 0 128 
256 4 8 256 64 0 4 2 64 0 512 2 0 1024 128 256 1024 4 0 16 
2 32 32 4 8 512 16 4 128 4 16 4 0 4 64 4 1024 2 0 512 
256 512 2 4 2 16 4 4 2 1024 2 2 2 4 4 32 4 32 64 16 
64 4 1024 4 256 4 64 4 8 2 4 32 32 2 256 2 8 1024 4 4 
Case #14: 
2 4 4 16 4 64 4 256 1024 128 512 8 8 1024 4 64 256 8 4 64 
8 16 8 2 128 512 2 4 4 2 2 4 1024 2 4 4 8 8 4 2 
0 2 2 4 64 8 256 16 256 256 8 2 8 32 32 2 16 4 256 256 
0 4 4 0 8 64 0 2 8 8 128 256 2 1024 2 32 0 512 4 4 
0 8 512 0 0 4 0 256 0 16 0 128 4 4 0 512 0 0 0 64 
0 128 16 0 0 32 0 2 0 1024 0 4 0 0 0 4 0 0 0 4 
0 8 256 0 0 2 0 4 0 16 0 0 0 0 0 32 0 0 0 0 
0 0 0 0 0 0 0 0 0 0 0 0 0 0 0 128 0 0 0 0 
0 0 0 0 0 0 0 0 0 0 0 0 0 0 0 0 0 0 0 0 
0 0 0 0 0 0 0 0 0 0 0 0 0 0 0 0 0 0 0 0 
0 0 0 0 0 0 0 0 0 0 0 0 0 0 0 0 0 0 0 0 
0 0 0 0 0 0 0 0 0 0 0 0 0 0 0 0 0 0 0 0 
0 0 0 0 0 0 0 0 0 0 0 0 0 0 0 0 0 0 0 0 
0 0 0 0 0 0 0 0 0 0 0 0 0 0 0 0 0 0 0 0 
0 0 0 0 0 0 0 0 0 0 0 0 0 0 0 0 0 0 0 0 
0 0 0 0 0 0 0 0 0 0 0 0 0 0 0 0 0 0 0 0 
0 0 0 0 0 0 0 0 0 0 0 0 0 0 0 0 0 0 0 0 
0 0 0 0 0 0 0 0 0 0 0 0 0 0 0 0 0 0 0 0 
0 0 0 0 0 0 0 0 0 0 0 0 0 0 0 0 0 0 0 0 
0 0 0 0 0 0 0 0 0 0 0 0 0 0 0 0 0 0 0 0 
Case #15: 
0 0 0 0 0 0 0 0 0 0 0 0 0 0 0 0 0 0 0 0 
0 0 0 0 0 0 0 0 0 0 0 0 0 0 0 0 0 0 0 0 
0 0 0 0 0 0 0 0 0 0 0 0 0 0 0 0 0 0 0 0 
0 0 0 0 0 0 0 0 0 0 0 0 0 0 0 0 0 0 0 0 
0 0 0 0 0 0 0 0 0 0 0 0 0 0 0 0 0 0 0 0 
0 0 0 0 0 0 0 0 0 0 0 0 0 0 0 0 0 0 0 0 
0 0 0 0 0 0 0 0 0 0 0 0 0 0 0 0 0 0 0 0 
0 0 0 0 0 0 0 0 0 0 0 0 0 0 0 0 0 0 0 0 
0 0 0 0 0 0 0 0 0 0 0 0 0 0 0 0 0 0 0 0 
0 0 0 0 0 0 0 0 0 0 0 0 0 0 0 0 0 0 0 0 
0 0 0 0 0 0 0 0 0 0 0 0 0 0 0 0 0 0 0 0 
0 0 4 0 0 0 0 0 0 2 0 0 8 0 0 0 0 8 0 0 
0 0 32 0 0 0 0 0 1024 4 0 2 1024 0 0 0 0 32 4 0 
32 0 1024 0 0 0 0 0 8 1024 0 4 2 0 0 32 0 4 4 0 
1024 0 2 0 32 0 16 0 4 16 0 2 16 16 64 4 2 32 8 2 
512 0 512 2 2 0 8 0 2048 4 0 16 4 8 4 512 1024 512 32 64 
128 2 8 32 128 64 4 0 2 8 0 512 1024 512 2 256 128 1024 4 32 
2 8 1024 256 32 8 4 4 256 32 128 8 16 64 128 4 2 2 4 2 
8 2 64 8 16 4 256 2 16 2 4 512 1024 128 8 2 256 1024 2 8 
2 4 4 1024 8 32 4 128 4 4 4 128 2 8 512 8 4 256 128 4 
Case #16: 
0 0 0 0 0 0 0 0 0 0 0 0 0 0 0 0 0 0 0 0 
0 0 0 0 0 0 0 0 0 0 0 0 0 0 0 0 0 0 0 0 
0 0 0 0 0 0 0 0 0 0 0 0 0 0 0 0 0 0 0 0 
0 0 0 0 0 0 0 0 0 0 0 0 0 0 0 0 0 0 0 0 
0 0 0 0 0 0 0 0 0 0 0 0 0 0 0 0 0 0 0 0 
0 0 0 0 0 0 0 0 0 0 0 0 0 0 0 0 0 0 0 0 
0 0 0 0 0 0 0 0 0 0 0 0 0 0 0 0 0 0 0 0 
0 0 0 0 0 0 0 0 0 0 0 0 0 0 0 0 0 0 0 0 
0 0 0 0 0 0 0 0 0 0 0 0 0 0 0 0 0 0 0 0 
0 0 0 0 0 0 0 0 0 0 0 0 0 0 0 0 0 0 0 0 
0 0 0 0 0 0 0 0 0 0 0 0 0 0 0 0 0 0 0 0 
0 0 0 0 0 0 0 0 0 0 0 0 0 0 0 0 0 0 0 0 
0 0 0 0 0 0 0 8 0 0 0 0 0 0 0 0 0 0 0 0 
0 0 0 0 0 0 0 2 0 0 0 0 0 0 0 0 4 0 0 0 
4 0 0 0 0 0 0 4 0 0 0 2 4 0 0 0 2 1024 0 0 
2 0 32 4 64 4 0 2 2 32 0 32 128 1024 1024 2 1024 8 0 16 
256 0 4 8 4 256 0 256 4 4 0 2 256 4 2 4 256 8 16 512 
16 0 32 2 1024 512 256 4 512 64 2 256 2 32 8 64 8 2 8 1024 
4 256 8 16 4 2 128 64 2 4 8 2 8 2 2 4 32 1024 1024 4 
8 16 2 4 2 4 4 32 512 4 32 4 16 4 4 2 4 8 2048 4 
Case #17: 
0 0 0 0 0 0 0 0 0 0 0 0 0 0 0 0 8 32 2 8 
0 0 0 0 0 0 0 0 0 0 0 0 0 0 0 0 512 4 128 1024 
0 0 0 0 0 0 0 0 0 0 0 0 0 128 32 16 64 2 4 1024 
0 0 0 0 0 0 0 0 0 0 0 0 0 0 0 1024 64 4 16 64 
0 0 0 0 0 0 0 0 0 0 0 0 32 8 4 4 4 1024 2 128 
0 0 0 0 0 0 0 0 0 0 0 0 0 0 0 0 0 0 0 1024 
0 0 0 0 0 0 0 0 0 0 0 0 0 0 16 256 4 4 2 512 
0 0 0 0 0 0 0 0 0 0 0 0 0 0 0 0 1024 256 32 256 
0 0 0 0 0 0 0 0 0 0 0 0 0 64 2 1024 4 8 512 8 
0 0 0 0 0 0 0 0 0 0 0 0 2 64 4 256 4 2 4 128 
0 0 0 0 0 0 0 0 0 0 0 0 0 0 1024 512 4 128 128 4 
0 0 0 0 0 0 0 0 0 0 0 0 0 0 0 0 8 2 4 128 
0 0 0 0 0 0 0 0 0 0 0 0 0 0 512 4 4 16 32 256 
0 0 0 0 0 0 0 0 0 0 0 0 16 2 32 512 4 2 4 16 
0 0 0 0 0 0 0 0 0 0 0 0 0 128 64 8 8 512 256 16 
0 0 0 0 0 0 0 0 0 0 0 0 0 0 0 128 512 256 4 32 
0 0 0 0 0 0 0 0 0 0 0 0 0 0 0 2 256 4 256 2 
0 0 0 0 0 0 0 0 0 0 0 0 0 0 256 512 8 4 256 1024 
0 0 0 0 0 0 0 0 0 0 0 0 0 0 0 0 0 0 0 128 
0 0 0 0 0 0 0 0 0 0 0 4 64 2 512 128 8 256 2 32 
Case #18: 
64 8 32 512 8 4 16 128 32 1024 1024 1024 4 2 64 128 128 2 8 2 
2 4 2 64 4 2 4 1024 16 64 2 512 64 8 2 2 8 32 2 4 
0 0 128 1024 0 1024 512 4 8 0 0 4 4 16 128 64 32 64 0 16 
0 0 2 8 0 8 2 4 0 0 0 16 8 8 0 1024 64 4 0 8 
0 0 4 4 0 8 0 2 0 0 0 2 64 0 0 512 1024 2 0 4 
0 0 2 4 0 256 0 0 0 0 0 4 8 0 0 4 0 0 0 0 
0 0 1024 0 0 0 0 0 0 0 0 2 0 0 0 0 0 0 0 0 
0 0 64 0 0 0 0 0 0 0 0 512 0 0 0 0 0 0 0 0 
0 0 2 0 0 0 0 0 0 0 0 0 0 0 0 0 0 0 0 0 
0 0 0 0 0 0 0 0 0 0 0 0 0 0 0 0 0 0 0 0 
0 0 0 0 0 0 0 0 0 0 0 0 0 0 0 0 0 0 0 0 
0 0 0 0 0 0 0 0 0 0 0 0 0 0 0 0 0 0 0 0 
0 0 0 0 0 0 0 0 0 0 0 0 0 0 0 0 0 0 0 0 
0 0 0 0 0 0 0 0 0 0 0 0 0 0 0 0 0 0 0 0 
0 0 0 0 0 0 0 0 0 0 0 0 0 0 0 0 0 0 0 0 
0 0 0 0 0 0 0 0 0 0 0 0 0 0 0 0 0 0 0 0 
0 0 0 0 0 0 0 0 0 0 0 0 0 0 0 0 0 0 0 0 
0 0 0 0 0 0 0 0 0 0 0 0 0 0 0 0 0 0 0 0 
0 0 0 0 0 0 0 0 0 0 0 0 0 0 0 0 0 0 0 0 
0 0 0 0 0 0 0 0 0 0 0 0 0 0 0 0 0 0 0 0 
Case #19: 
0 0 0 0 0 0 0 0 0 0 0 0 0 0 0 0 0 0 0 0 
0 0 0 0 0 0 0 0 0 0 0 0 0 0 0 0 0 0 0 0 
0 0 0 0 0 0 0 0 0 0 0 0 0 0 0 0 0 0 0 0 
0 0 0 0 0 0 0 0 0 0 0 0 0 0 0 0 0 0 0 0 
0 0 0 0 0 0 0 0 0 0 0 0 0 0 0 0 0 0 0 0 
0 0 0 0 0 0 0 0 0 0 0 0 0 0 0 0 0 0 0 0 
0 0 0 0 0 0 0 0 0 0 0 0 0 0 0 0 0 0 0 0 
0 0 0 0 0 0 0 0 0 0 0 0 0 0 0 0 0 0 0 0 
0 0 0 0 0 0 0 0 0 0 0 0 0 0 0 0 0 0 0 0 
0 0 0 0 0 0 0 0 0 0 0 0 0 0 0 0 0 0 0 0 
0 0 0 0 0 0 0 0 0 0 0 0 0 0 0 0 0 0 0 0 
0 0 0 4 0 0 0 0 0 0 0 0 0 0 0 0 128 0 0 0 
2 0 0 512 0 0 0 0 0 0 0 0 0 32 0 0 4 0 0 0 
4 0 0 4 0 0 0 0 0 0 0 0 0 2 0 0 512 0 0 0 
8 0 0 2 0 0 0 0 0 0 0 0 0 4 2 0 4 0 0 4 
1024 0 4 128 0 0 1024 2 0 0 4 0 2 32 8 2 512 0 0 2 
2 0 2 1024 512 64 4 1024 8 0 2 0 32 4 4 4 1024 0 1024 4 
512 0 4 2 8 256 2 2 1024 2 256 32 2 4 32 16 2 512 16 8 
2 1024 16 32 256 1024 512 128 64 16 4 4 16 4 128 8 16 256 2 64 
256 4 2 4 2 4 4 2 2 128 64 128 512 2 2048 256 256 128 512 32 
Case #20: 
0 0 0 0 0 0 0 0 0 0 0 0 512 4 16 4 128 512 32 64 
0 0 0 0 0 0 0 0 0 0 0 0 0 0 32 16 512 2 8 16 
0 0 0 0 0 0 0 0 0 0 0 0 0 0 0 256 2 256 1024 2 
0 0 0 0 0 0 0 0 0 0 0 0 0 8 8 1024 8 128 8 32 
0 0 0 0 0 0 0 0 0 0 0 0 0 0 0 4 16 2 8 8 
0 0 0 0 0 0 0 0 0 0 0 0 0 0 0 0 512 2 256 512 
0 0 0 0 0 0 0 0 0 0 0 0 0 256 2 4 512 4 128 2048 
0 0 0 0 0 0 0 0 0 0 0 0 0 0 0 0 0 256 2 128 
0 0 0 0 0 0 0 0 0 0 0 0 0 0 0 0 4 4 4 64 
0 0 0 0 0 0 0 0 0 0 0 0 0 0 0 0 2 64 4 16 
0 0 0 0 0 0 0 0 0 0 0 128 4 1024 4 1024 4 8 1024 4 
0 0 0 0 0 0 0 0 0 0 0 0 0 512 8 2 4 4 128 4 
0 0 0 0 0 0 0 0 0 0 0 0 0 0 0 4 32 64 4 256 
0 0 0 0 0 0 0 0 0 0 0 0 0 0 0 4 2 16 2 32 
0 0 0 0 0 0 0 0 0 0 0 0 0 0 0 0 0 512 4 16 
0 0 0 0 0 0 0 0 0 0 0 0 1024 64 2 128 4 2 128 256 
0 0 0 0 0 0 0 128 4 2 1024 8 2 8 2 64 4 2 4 8 
0 0 0 0 0 0 0 0 0 0 0 0 0 0 0 4 1024 2 512 8 
0 0 0 0 0 0 0 0 0 0 0 0 0 0 0 0 0 0 4 256 
0 0 0 0 0 0 0 0 0 0 0 0 0 0 0 1024 4 8 32 8 
Case #21: 
512 4 4 128 16 64 128 512 8 1024 512 256 4 8 8 4 8 64 4 16 
4 64 2 4 8 256 16 32 4 128 8 2 256 4 4 1024 1024 4 1024 8 
2 32 1024 256 128 2 4 2 1024 2 2048 64 4 0 2 2 4 1024 32 2 
0 0 4 2 64 8 256 4 0 4 4 2 32 0 64 512 0 512 64 0 
0 0 64 8 2 64 2 512 0 4 32 4 1024 0 0 2 0 4 0 0 
0 0 128 32 0 128 4 2 0 4 2 0 2 0 0 0 0 8 0 0 
0 0 0 0 0 0 2 64 0 0 0 0 0 0 0 0 0 64 0 0 
0 0 0 0 0 0 1024 128 0 0 0 0 0 0 0 0 0 2 0 0 
0 0 0 0 0 0 0 0 0 0 0 0 0 0 0 0 0 0 0 0 
0 0 0 0 0 0 0 0 0 0 0 0 0 0 0 0 0 0 0 0 
0 0 0 0 0 0 0 0 0 0 0 0 0 0 0 0 0 0 0 0 
0 0 0 0 0 0 0 0 0 0 0 0 0 0 0 0 0 0 0 0 
0 0 0 0 0 0 0 0 0 0 0 0 0 0 0 0 0 0 0 0 
0 0 0 0 0 0 0 0 0 0 0 0 0 0 0 0 0 0 0 0 
0 0 0 0 0 0 0 0 0 0 0 0 0 0 0 0 0 0 0 0 
0 0 0 0 0 0 0 0 0 0 0 0 0 0 0 0 0 0 0 0 
0 0 0 0 0 0 0 0 0 0 0 0 0 0 0 0 0 0 0 0 
0 0 0 0 0 0 0 0 0 0 0 0 0 0 0 0 0 0 0 0 
0 0 0 0 0 0 0 0 0 0 0 0 0 0 0 0 0 0 0 0 
0 0 0 0 0 0 0 0 0 0 0 0 0 0 0 0 0 0 0 0 
Case #22: 
0 0 0 0 0 0 0 0 0 0 0 0 0 0 0 0 0 0 0 0 
0 0 0 0 0 0 0 0 0 0 0 0 0 0 0 0 0 0 0 0 
0 0 0 0 0 0 0 0 0 0 0 0 0 0 0 0 0 0 0 0 
0 0 0 0 0 0 0 0 0 0 0 0 0 0 0 0 0 0 0 0 
0 0 0 0 0 0 0 0 0 0 0 0 0 0 0 0 0 0 0 0 
0 0 0 0 0 0 0 0 0 0 0 0 0 0 0 0 0 0 0 0 
0 0 0 0 0 0 0 0 0 0 0 0 0 0 0 0 0 0 0 0 
0 0 0 0 0 0 0 0 0 0 0 0 0 0 0 0 0 0 0 0 
0 0 0 0 0 0 0 0 0 0 0 0 0 0 0 0 0 0 0 0 
0 0 0 0 0 0 0 0 0 0 0 0 0 0 0 0 0 0 0 0 
0 0 0 0 0 0 0 0 0 0 0 0 0 0 0 0 0 0 0 0 
0 0 0 0 0 0 0 0 0 0 0 0 0 0 0 0 0 0 0 0 
0 4 0 0 0 0 0 0 0 0 0 0 0 0 0 0 0 0 0 0 
0 512 0 0 0 0 0 0 0 0 0 0 0 0 4 0 0 0 2 0 
256 128 0 0 0 4 32 0 32 0 64 0 0 0 64 128 0 2 4 4 
128 2 0 0 128 4 16 2 4 0 256 256 64 0 512 64 8 4 1024 4 
2 8 2 2 4 4 2 64 8 2 4 2 4 8 32 2 4 512 128 128 
8 4 8 8 2 8 4 16 4 4 8 4 16 8 64 64 2 2 4 8 
32 2 512 1024 4 4 1024 128 2 64 4 1024 4 4 4 512 4 32 2 8 
256 16 2 32 16 4 128 8 1024 2 2 512 64 8 128 2 2 8 32 8 
Case #23: 
1024 4 64 4 128 2 16 8 0 0 0 0 0 0 0 0 0 0 0 0 
64 4 1024 128 2 64 2 4 0 0 0 0 0 0 0 0 0 0 0 0 
128 1024 4 0 0 0 0 0 0 0 0 0 0 0 0 0 0 0 0 0 
8 2 1024 8 0 0 0 0 0 0 0 0 0 0 0 0 0 0 0 0 
4 128 2 64 0 0 0 0 0 0 0 0 0 0 0 0 0 0 0 0 
8 512 2 4 0 0 0 0 0 0 0 0 0 0 0 0 0 0 0 0 
4 2 4 2 4 8 4 4 4 0 0 0 0 0 0 0 0 0 0 0 
256 4 1024 2 0 0 0 0 0 0 0 0 0 0 0 0 0 0 0 0 
4 512 2 4 128 0 0 0 0 0 0 0 0 0 0 0 0 0 0 0 
2 32 4 256 512 2048 512 0 0 0 0 0 0 0 0 0 0 0 0 0 
128 2 0 0 0 0 0 0 0 0 0 0 0 0 0 0 0 0 0 0 
16 512 16 4 32 0 0 0 0 0 0 0 0 0 0 0 0 0 0 0 
4 2 32 512 4 16 0 0 0 0 0 0 0 0 0 0 0 0 0 0 
4 512 2 64 0 0 0 0 0 0 0 0 0 0 0 0 0 0 0 0 
16 1024 4 1024 4 32 16 0 0 0 0 0 0 0 0 0 0 0 0 0 
16 128 0 0 0 0 0 0 0 0 0 0 0 0 0 0 0 0 0 0 
256 8 2 256 2 0 0 0 0 0 0 0 0 0 0 0 0 0 0 0 
64 256 256 8 0 0 0 0 0 0 0 0 0 0 0 0 0 0 0 0 
128 0 0 0 0 0 0 0 0 0 0 0 0 0 0 0 0 0 0 0 
16 64 512 256 32 4 4 0 0 0 0 0 0 0 0 0 0 0 0 0 
Case #24: 
2 8 4 2 4 4 0 0 0 0 0 0 0 0 0 0 0 0 0 0 
4 128 4 128 8 4 0 0 0 0 0 0 0 0 0 0 0 0 0 0 
16 2 16 8 2 64 8 0 0 0 0 0 0 0 0 0 0 0 0 0 
4 1024 64 1024 2 8 16 4 0 0 0 0 0 0 0 0 0 0 0 0 
512 8 32 4 128 512 0 0 0 0 0 0 0 0 0 0 0 0 0 0 
2 16 8 128 512 4 2 0 0 0 0 0 0 0 0 0 0 0 0 0 
128 2 4 1024 0 0 0 0 0 0 0 0 0 0 0 0 0 0 0 0 
4 32 4 2 16 0 0 0 0 0 0 0 0 0 0 0 0 0 0 0 
4 512 128 4 2 0 0 0 0 0 0 0 0 0 0 0 0 0 0 0 
2 4 2 8 8 512 0 0 0 0 0 0 0 0 0 0 0 0 0 0 
256 64 2 4 1024 0 0 0 0 0 0 0 0 0 0 0 0 0 0 0 
4 8 16 32 256 4 64 0 0 0 0 0 0 0 0 0 0 0 0 0 
4 256 0 0 0 0 0 0 0 0 0 0 0 0 0 0 0 0 0 0 
2 32 2 256 2048 4 64 0 0 0 0 0 0 0 0 0 0 0 0 0 
4 256 512 4 512 4 8 32 128 4 0 0 0 0 0 0 0 0 0 0 
4 512 2 16 4 128 0 0 0 0 0 0 0 0 0 0 0 0 0 0 
4 2 32 2 128 16 0 0 0 0 0 0 0 0 0 0 0 0 0 0 
512 8 64 0 0 0 0 0 0 0 0 0 0 0 0 0 0 0 0 0 
512 4 16 2 256 2 256 0 0 0 0 0 0 0 0 0 0 0 0 0 
4 64 128 2 1024 0 0 0 0 0 0 0 0 0 0 0 0 0 0 0 
Case #25: 
0 0 0 0 0 0 0 0 0 0 0 0 0 0 0 0 0 0 0 0 
0 0 0 0 0 0 0 0 0 0 0 0 0 0 0 0 0 0 0 0 
0 0 0 0 0 0 0 0 0 0 0 0 0 0 0 0 0 0 0 0 
0 0 0 0 0 0 0 0 0 0 0 0 0 0 0 0 0 0 0 0 
0 0 0 0 0 0 0 0 0 0 0 0 0 0 0 0 0 0 0 0 
0 0 0 0 0 0 0 0 0 0 0 0 0 0 0 0 0 0 0 0 
0 0 0 0 0 0 0 0 0 0 0 0 0 0 0 0 0 0 0 0 
0 0 0 0 0 0 0 0 0 0 0 0 0 0 0 0 0 0 0 0 
0 0 0 0 0 0 0 0 0 0 0 0 0 0 0 0 0 0 0 0 
0 0 0 0 0 0 0 0 0 0 0 0 0 0 0 0 0 0 0 0 
0 0 0 0 0 0 0 0 0 0 0 0 0 0 0 0 0 0 0 0 
0 0 0 0 0 0 0 0 0 0 0 0 0 0 0 0 0 0 0 0 
0 0 0 0 0 0 0 0 0 0 0 0 0 0 0 0 0 0 0 0 
0 0 0 0 1024 0 0 0 0 0 0 0 0 256 4 0 0 0 0 0 
0 16 0 64 128 0 0 0 1024 8 0 0 8 4 2 0 0 0 0 0 
0 4 0 8 512 0 0 4 2 128 0 0 4 2 32 4 1024 0 0 0 
4 128 64 2 64 4 0 2 64 4 0 0 16 4 2 512 8 128 0 0 
64 256 2 4 1024 16 0 64 4 4 2 0 128 256 256 8 2 64 0 4 
4 512 8 128 512 256 64 4 4 128 16 2 4 2 4 1024 8 4 4 2 
4 4 4 4 4 4 2 512 8 1024 2 8 64 128 2 64 128 2 8 8 
Case #26: 
128 2 256 0 0 0 0 0 0 0 0 0 0 0 0 0 0 0 0 0 
1024 4 0 0 0 0 0 0 0 0 0 0 0 0 0 0 0 0 0 0 
4 32 2 16 0 0 0 0 0 0 0 0 0 0 0 0 0 0 0 0 
128 256 4 256 4 0 0 0 0 0 0 0 0 0 0 0 0 0 0 0 
2 64 2 4 512 4 2 0 0 0 0 0 0 0 0 0 0 0 0 0 
2 4 8 4 512 16 2 0 0 0 0 0 0 0 0 0 0 0 0 0 
1024 4 128 4 8 4 8 2 0 0 0 0 0 0 0 0 0 0 0 0 
4 32 16 8 2 4 0 0 0 0 0 0 0 0 0 0 0 0 0 0 
4 8 1024 2 1024 0 0 0 0 0 0 0 0 0 0 0 0 0 0 0 
2 64 4 8 2 256 4 1024 4 32 0 0 0 0 0 0 0 0 0 0 
2 32 512 0 0 0 0 0 0 0 0 0 0 0 0 0 0 0 0 0 
4 32 1024 4 32 0 0 0 0 0 0 0 0 0 0 0 0 0 0 0 
4 2 0 0 0 0 0 0 0 0 0 0 0 0 0 0 0 0 0 0 
2 512 128 16 4 512 4 0 0 0 0 0 0 0 0 0 0 0 0 0 
32 4 512 32 4 2 64 0 0 0 0 0 0 0 0 0 0 0 0 0 
64 4 2 8 4 2 0 0 0 0 0 0 0 0 0 0 0 0 0 0 
4 2 1024 2 32 0 0 0 0 0 0 0 0 0 0 0 0 0 0 0 
4 8 128 256 4 0 0 0 0 0 0 0 0 0 0 0 0 0 0 0 
4 8 512 8 256 4 0 0 0 0 0 0 0 0 0 0 0 0 0 0 
2 64 4 16 2 1024 4 2 0 0 0 0 0 0 0 0 0 0 0 0 
Case #27: 
1024 256 64 2 4 2 1024 8 4 4 4 64 64 4 8 4 128 32 4 16 
512 1024 256 256 2 32 2 2 128 2 2 256 2 2 4 2 32 2 2048 8 
4 4 64 4 32 2 128 256 8 256 4 128 0 256 32 8 8 256 4 256 
2 8 32 32 4 32 1024 512 2 4 16 8 0 1024 2 16 4 32 512 4 
32 64 2 512 128 8 0 1024 32 0 8 0 0 256 512 8 2 4 0 0 
512 0 512 8 0 2 0 16 2048 0 8 0 0 16 4 0 512 256 0 0 
0 0 4 0 0 16 0 0 0 0 16 0 0 2 32 0 256 0 0 0 
0 0 128 0 0 0 0 0 0 0 2 0 0 1024 128 0 0 0 0 0 
0 0 0 0 0 0 0 0 0 0 0 0 0 16 2 0 0 0 0 0 
0 0 0 0 0 0 0 0 0 0 0 0 0 0 0 0 0 0 0 0 
0 0 0 0 0 0 0 0 0 0 0 0 0 0 0 0 0 0 0 0 
0 0 0 0 0 0 0 0 0 0 0 0 0 0 0 0 0 0 0 0 
0 0 0 0 0 0 0 0 0 0 0 0 0 0 0 0 0 0 0 0 
0 0 0 0 0 0 0 0 0 0 0 0 0 0 0 0 0 0 0 0 
0 0 0 0 0 0 0 0 0 0 0 0 0 0 0 0 0 0 0 0 
0 0 0 0 0 0 0 0 0 0 0 0 0 0 0 0 0 0 0 0 
0 0 0 0 0 0 0 0 0 0 0 0 0 0 0 0 0 0 0 0 
0 0 0 0 0 0 0 0 0 0 0 0 0 0 0 0 0 0 0 0 
0 0 0 0 0 0 0 0 0 0 0 0 0 0 0 0 0 0 0 0 
0 0 0 0 0 0 0 0 0 0 0 0 0 0 0 0 0 0 0 0 
Case #28: 
2 16 0 0 0 0 0 0 0 0 0 0 0 0 0 0 0 0 0 0 
16 512 2 4 8 16 32 64 0 0 0 0 0 0 0 0 0 0 0 0 
8 2 32 4 0 0 0 0 0 0 0 0 0 0 0 0 0 0 0 0 
4 0 0 0 0 0 0 0 0 0 0 0 0 0 0 0 0 0 0 0 
2 4 4 2 8 32 0 0 0 0 0 0 0 0 0 0 0 0 0 0 
256 2 4 128 8 0 0 0 0 0 0 0 0 0 0 0 0 0 0 0 
4 64 128 4 0 0 0 0 0 0 0 0 0 0 0 0 0 0 0 0 
8 2 64 8 16 4 0 0 0 0 0 0 0 0 0 0 0 0 0 0 
4 2 0 0 0 0 0 0 0 0 0 0 0 0 0 0 0 0 0 0 
128 64 256 32 64 4 2 8 0 0 0 0 0 0 0 0 0 0 0 0 
4 16 256 2 128 8 0 0 0 0 0 0 0 0 0 0 0 0 0 0 
2 16 0 0 0 0 0 0 0 0 0 0 0 0 0 0 0 0 0 0 
64 4 4 8 64 2 0 0 0 0 0 0 0 0 0 0 0 0 0 0 
4 32 512 256 4 4 2 4 0 0 0 0 0 0 0 0 0 0 0 0 
2048 4 256 0 0 0 0 0 0 0 0 0 0 0 0 0 0 0 0 0 
16 4 1024 128 8 16 2 4 256 0 0 0 0 0 0 0 0 0 0 0 
8 2 64 128 2 512 4 32 0 0 0 0 0 0 0 0 0 0 0 0 
8 64 256 128 512 4 2 0 0 0 0 0 0 0 0 0 0 0 0 0 
512 8 4 0 0 0 0 0 0 0 0 0 0 0 0 0 0 0 0 0 
4 1024 512 0 0 0 0 0 0 0 0 0 0 0 0 0 0 0 0 0 
Case #29: 
2 8 256 4 0 0 0 0 0 0 0 0 0 0 0 0 0 0 0 0 
16 512 64 4 8 2048 0 0 0 0 0 0 0 0 0 0 0 0 0 0 
16 512 8 8 32 0 0 0 0 0 0 0 0 0 0 0 0 0 0 0 
8 8 128 4 0 0 0 0 0 0 0 0 0 0 0 0 0 0 0 0 
256 4 64 4 512 2 0 0 0 0 0 0 0 0 0 0 0 0 0 0 
4 256 4 16 4 256 4 0 0 0 0 0 0 0 0 0 0 0 0 0 
64 4 4 8 2 8 4 0 0 0 0 0 0 0 0 0 0 0 0 0 
256 8 4 2 4 1024 32 1024 2 0 0 0 0 0 0 0 0 0 0 0 
4 16 4 256 1024 2 0 0 0 0 0 0 0 0 0 0 0 0 0 0 
256 512 32 16 0 0 0 0 0 0 0 0 0 0 0 0 0 0 0 0 
2 4 256 2 16 4 512 8 64 128 0 0 0 0 0 0 0 0 0 0 
8 256 4 16 512 4 0 0 0 0 0 0 0 0 0 0 0 0 0 0 
8 32 4 0 0 0 0 0 0 0 0 0 0 0 0 0 0 0 0 0 
4 2 64 128 2 0 0 0 0 0 0 0 0 0 0 0 0 0 0 0 
1024 4 2 16 8 128 256 0 0 0 0 0 0 0 0 0 0 0 0 0 
1024 8 2 64 0 0 0 0 0 0 0 0 0 0 0 0 0 0 0 0 
4 2 512 2 512 0 0 0 0 0 0 0 0 0 0 0 0 0 0 0 
4 512 4 64 4 0 0 0 0 0 0 0 0 0 0 0 0 0 0 0 
2 16 4 4 2 16 0 0 0 0 0 0 0 0 0 0 0 0 0 0 
2 256 4 2 4 0 0 0 0 0 0 0 0 0 0 0 0 0 0 0 
Case #30: 
0 0 0 0 0 0 0 0 0 0 0 0 0 0 0 0 0 0 0 0 
0 0 0 0 0 0 0 0 0 0 0 0 0 0 0 0 0 0 0 0 
0 0 0 0 0 0 0 0 0 0 0 0 0 0 0 0 0 0 0 0 
0 0 0 0 0 0 0 0 0 0 0 0 0 0 0 0 0 0 0 0 
0 0 0 0 0 0 0 0 0 0 0 0 0 0 0 0 0 0 0 0 
0 0 0 0 0 0 0 0 0 0 0 0 0 0 0 0 0 0 0 0 
0 0 0 0 0 0 0 0 0 0 0 0 0 0 0 0 0 0 0 0 
0 0 0 0 0 0 0 0 0 0 0 0 0 0 0 0 0 0 0 0 
0 0 0 0 0 0 0 0 0 0 0 0 0 0 0 0 0 0 0 0 
0 0 0 0 0 0 0 0 0 0 0 0 0 0 0 0 0 0 0 0 
0 0 0 0 0 0 0 0 0 0 0 0 0 0 0 0 0 0 0 0 
0 0 0 0 0 0 0 0 0 0 0 0 0 0 0 0 0 0 0 0 
0 0 0 0 0 0 0 0 0 0 0 0 0 0 0 0 0 0 0 0 
0 0 0 0 0 0 0 0 0 0 0 4 4 0 0 0 0 0 0 2 
0 0 0 0 0 0 0 0 0 8 0 32 2 0 0 2 0 0 0 256 
2 8 8 0 0 2 0 16 0 256 64 2 4 32 2 8 128 0 4 1024 
128 128 1024 0 32 32 0 1024 0 512 16 1024 64 8 128 2 2 0 2 8 
512 4 4 32 512 128 4 16 1024 4 4 4 4 256 8 1024 4 0 4 1024 
32 2 8 4 64 2 512 2 4 2 4 2 32 2 512 8 2 128 8 4 
4 128 2 32 8 64 4 512 32 4 16 8 4 4 4 4 4 2 512 2 
Case #31: 
0 0 0 0 0 0 0 0 0 0 0 0 0 0 0 0 0 8 128 2 
0 0 0 0 0 0 0 0 0 0 0 0 1024 16 256 4 512 2 8 1024 
0 0 0 0 0 0 0 0 0 0 0 0 0 2 4 32 4 128 1024 16 
0 0 0 0 0 0 0 0 0 0 0 0 0 0 0 0 128 8 16 128 
0 0 0 0 0 0 0 0 0 0 0 0 0 32 16 2 256 512 8 128 
0 0 0 0 0 0 0 0 0 0 0 0 4 128 2 128 4 4 4 8 
0 0 0 0 0 0 0 0 0 0 0 0 0 4 64 32 128 2 4 256 
0 0 0 0 0 0 0 0 0 0 0 0 0 0 1024 128 256 16 1024 256 
0 0 0 0 0 0 0 0 0 0 0 0 0 0 0 0 64 32 64 2 
0 0 0 0 0 0 0 0 0 0 0 0 0 0 0 0 2 512 32 2 
0 0 0 0 0 0 0 0 0 0 0 0 0 0 0 0 512 2 4 16 
0 0 0 0 0 0 0 0 0 0 0 0 0 8 16 4 2 4 32 512 
0 0 0 0 0 0 0 0 0 0 0 0 0 0 0 0 2 8 4 8 
0 0 0 0 0 0 0 0 0 0 0 0 0 0 0 0 4 4 8 4 
0 0 0 0 0 0 0 0 0 0 0 0 0 0 2 4 8 2 4 8 
0 0 0 0 0 0 0 0 0 0 0 0 0 2 1024 256 32 2 64 4 
0 0 0 0 0 0 0 0 0 0 0 0 0 4 64 2 16 128 1024 2 
0 0 0 0 0 0 0 0 0 0 0 0 0 0 0 0 2 64 512 4 
0 0 0 0 0 0 0 0 0 0 0 0 128 4 64 2 4 128 2 16 
0 0 0 0 0 0 0 0 0 0 0 0 0 0 0 1024 128 512 2 8 
Case #32: 
8 4 4 2 8 128 2 1024 128 2 2048 512 2 16 8 16 2 16 4 256 
512 2 128 8 4 2 1024 16 2 1024 4 4 8 8 4 2 32 32 512 8 
4 512 16 512 4 8 2 2048 8 64 256 256 2 1024 1024 128 4 2 2 512 
4 16 64 8 512 4 4 4 8 4 8 0 16 0 32 1024 8 8 4 32 
0 4 8 4 0 256 64 2 4 1024 512 0 4 0 0 4 32 512 2 512 
0 0 256 2 0 512 512 0 0 0 2 0 0 0 0 0 8 128 256 2 
0 0 0 16 0 8 4 0 0 0 0 0 0 0 0 0 0 16 0 0 
0 0 0 0 0 4 0 0 0 0 0 0 0 0 0 0 0 0 0 0 
0 0 0 0 0 0 0 0 0 0 0 0 0 0 0 0 0 0 0 0 
0 0 0 0 0 0 0 0 0 0 0 0 0 0 0 0 0 0 0 0 
0 0 0 0 0 0 0 0 0 0 0 0 0 0 0 0 0 0 0 0 
0 0 0 0 0 0 0 0 0 0 0 0 0 0 0 0 0 0 0 0 
0 0 0 0 0 0 0 0 0 0 0 0 0 0 0 0 0 0 0 0 
0 0 0 0 0 0 0 0 0 0 0 0 0 0 0 0 0 0 0 0 
0 0 0 0 0 0 0 0 0 0 0 0 0 0 0 0 0 0 0 0 
0 0 0 0 0 0 0 0 0 0 0 0 0 0 0 0 0 0 0 0 
0 0 0 0 0 0 0 0 0 0 0 0 0 0 0 0 0 0 0 0 
0 0 0 0 0 0 0 0 0 0 0 0 0 0 0 0 0 0 0 0 
0 0 0 0 0 0 0 0 0 0 0 0 0 0 0 0 0 0 0 0 
0 0 0 0 0 0 0 0 0 0 0 0 0 0 0 0 0 0 0 0 
Case #33: 
256 4 2 2 128 256 4 4 2 512 512 8 1024 128 64 4 8 4 4 1024 
4 128 8 64 2 4 256 2 64 1024 16 1024 16 2 512 4 64 2 32 128 
2 256 2 2 0 128 32 4 4 2 4 4 1024 8 128 8 4 4 4 2 
2048 512 4 256 0 2 4 8 256 32 256 256 512 64 1024 2 0 64 32 1024 
4 4 0 8 0 4 32 16 0 0 8 0 0 16 2 16 0 1024 2 256 
0 16 0 0 0 16 256 8 0 0 2 0 0 32 0 2 0 2 4 64 
0 2 0 0 0 0 4 0 0 0 0 0 0 0 0 0 0 0 8 0 
0 0 0 0 0 0 0 0 0 0 0 0 0 0 0 0 0 0 512 0 
0 0 0 0 0 0 0 0 0 0 0 0 0 0 0 0 0 0 0 0 
0 0 0 0 0 0 0 0 0 0 0 0 0 0 0 0 0 0 0 0 
0 0 0 0 0 0 0 0 0 0 0 0 0 0 0 0 0 0 0 0 
0 0 0 0 0 0 0 0 0 0 0 0 0 0 0 0 0 0 0 0 
0 0 0 0 0 0 0 0 0 0 0 0 0 0 0 0 0 0 0 0 
0 0 0 0 0 0 0 0 0 0 0 0 0 0 0 0 0 0 0 0 
0 0 0 0 0 0 0 0 0 0 0 0 0 0 0 0 0 0 0 0 
0 0 0 0 0 0 0 0 0 0 0 0 0 0 0 0 0 0 0 0 
0 0 0 0 0 0 0 0 0 0 0 0 0 0 0 0 0 0 0 0 
0 0 0 0 0 0 0 0 0 0 0 0 0 0 0 0 0 0 0 0 
0 0 0 0 0 0 0 0 0 0 0 0 0 0 0 0 0 0 0 0 
0 0 0 0 0 0 0 0 0 0 0 0 0 0 0 0 0 0 0 0 
Case #34: 
0 0 0 0 0 0 0 0 0 0 0 0 0 0 0 0 0 0 0 0 
0 0 0 0 0 0 0 0 0 0 0 0 0 0 0 0 0 0 0 0 
0 0 0 0 0 0 0 0 0 0 0 0 0 0 0 0 0 0 0 0 
0 0 0 0 0 0 0 0 0 0 0 0 0 0 0 0 0 0 0 0 
0 0 0 0 0 0 0 0 0 0 0 0 0 0 0 0 0 0 0 0 
0 0 0 0 0 0 0 0 0 0 0 0 0 0 0 0 0 0 0 0 
0 0 0 0 0 0 0 0 0 0 0 0 0 0 0 0 0 0 0 0 
0 0 0 0 0 0 0 0 0 0 0 0 0 0 0 0 0 0 0 0 
0 0 0 0 0 0 0 0 0 0 0 0 0 0 0 0 0 0 0 0 
0 0 0 0 0 0 0 0 0 0 0 0 0 0 0 0 0 0 0 0 
0 0 0 0 0 0 0 0 0 0 0 0 0 0 0 0 0 0 0 0 
0 0 0 0 0 0 0 0 0 0 0 0 0 0 128 0 0 0 0 0 
2 0 0 0 0 0 0 0 16 0 0 0 0 0 32 0 0 0 0 0 
8 0 8 512 0 8 0 0 64 0 0 128 0 0 2 0 0 32 0 0 
64 0 2 4 16 64 0 0 4 0 0 16 4 2 512 0 0 2 0 0 
2 64 64 32 512 4 0 0 32 512 0 4 16 4 128 128 0 1024 0 0 
64 2 256 8 2 1024 8 256 2 2 4 1024 2 64 64 8 128 4 0 64 
2 4 2 2 1024 2 8 2 8 8 128 128 32 8 128 16 8 64 4 256 
32 4 64 4 256 8 2 4 512 256 2 4 256 16 2 4 4 64 512 256 
2 256 2 16 2 1024 128 2 1024 2 8 2 512 4 16 2 64 2 4 64 
Case #35: 
4 2 4 2 4 2 0 0 0 0 0 0 0 0 0 0 0 0 0 0 
8 2 0 0 0 0 0 0 0 0 0 0 0 0 0 0 0 0 0 0 
8 4 2 0 0 0 0 0 0 0 0 0 0 0 0 0 0 0 0 0 
128 8 1024 8 0 0 0 0 0 0 0 0 0 0 0 0 0 0 0 0 
2 64 4 2 32 0 0 0 0 0 0 0 0 0 0 0 0 0 0 0 
2 0 0 0 0 0 0 0 0 0 0 0 0 0 0 0 0 0 0 0 
4 4 512 64 2 0 0 0 0 0 0 0 0 0 0 0 0 0 0 0 
128 4 4 2 0 0 0 0 0 0 0 0 0 0 0 0 0 0 0 0 
4 64 0 0 0 0 0 0 0 0 0 0 0 0 0 0 0 0 0 0 
4 2 4 4 4 0 0 0 0 0 0 0 0 0 0 0 0 0 0 0 
8 4 4 0 0 0 0 0 0 0 0 0 0 0 0 0 0 0 0 0 
2 8 4 2 0 0 0 0 0 0 0 0 0 0 0 0 0 0 0 0 
4 2 4 2 16 256 512 4 0 0 0 0 0 0 0 0 0 0 0 0 
4 8 4 128 8 0 0 0 0 0 0 0 0 0 0 0 0 0 0 0 
32 2 4 2 32 2 0 0 0 0 0 0 0 0 0 0 0 0 0 0 
4 128 4 2 8 0 0 0 0 0 0 0 0 0 0 0 0 0 0 0 
128 32 256 0 0 0 0 0 0 0 0 0 0 0 0 0 0 0 0 0 
4 8 4 4 0 0 0 0 0 0 0 0 0 0 0 0 0 0 0 0 
512 1024 4 16 4 4 8 32 0 0 0 0 0 0 0 0 0 0 0 0 
8 2 8 512 4 0 0 0 0 0 0 0 0 0 0 0 0 0 0 0 
Case #36: 
0 0 0 0 0 0 0 0 0 0 0 0 0 0 0 0 0 0 0 0 
0 0 0 0 0 0 0 0 0 0 0 0 0 0 0 0 0 0 0 0 
0 0 0 0 0 0 0 0 0 0 0 0 0 0 0 0 0 0 0 0 
0 0 0 0 0 0 0 0 0 0 0 0 0 0 0 0 0 0 0 0 
0 0 0 0 0 0 0 0 0 0 0 0 0 0 0 0 0 0 0 0 
0 0 0 0 0 0 0 0 0 0 0 0 0 0 0 0 0 0 0 0 
0 0 0 0 0 0 0 0 0 0 0 0 0 0 0 0 0 0 0 0 
0 0 0 0 0 0 0 0 0 0 0 0 0 0 0 0 0 0 0 0 
0 0 0 0 0 0 0 0 0 0 0 0 0 0 0 0 0 0 0 0 
0 0 0 0 0 0 0 0 0 0 0 0 0 0 0 0 0 0 0 0 
0 0 0 0 0 0 0 0 0 0 0 0 0 0 0 0 0 0 0 0 
0 0 0 0 0 0 0 0 0 0 0 0 0 0 0 0 0 0 0 0 
32 0 0 0 0 0 0 0 0 0 0 0 0 0 0 0 0 0 0 0 
2 2 0 0 0 0 0 0 0 0 0 128 0 0 0 0 0 0 0 0 
4 4 0 0 2 0 0 0 0 0 2 1024 0 0 0 0 0 0 4 64 
2 8 0 0 4 0 4 4 0 4 4 4 256 2 8 0 0 0 2 8 
4 2 4 0 8 0 4 8 4 1024 2 2 8 8 128 2 0 0 128 2 
128 4 8 8 2 4 8 2 2 8 4 16 8 8 4 8 0 0 4 4 
4 2 8 8 4 64 16 4 8 128 2 512 2 2 32 2 8 0 4 4 
128 8 32 4 2 4 4 256 8 4 4 1024 8 4 4 4 8 2 8 8 
Case #37: 
0 0 0 0 0 0 0 0 0 0 0 0 0 0 0 0 32 1024 4 2 
0 0 0 0 0 0 0 0 0 0 0 0 0 0 4 8 2 512 4 2 
0 0 0 0 0 0 0 0 0 0 0 0 0 0 0 0 1024 2 4 2 
0 0 0 0 0 0 0 0 0 0 0 0 0 0 0 0 4 4 2 32 
0 0 0 0 0 0 0 0 0 0 0 0 0 0 0 2 4 2 4 4 
0 0 0 0 0 0 0 0 0 0 0 0 0 0 0 0 4 2 4 2 
0 0 0 0 0 0 0 0 0 0 0 0 0 0 0 0 4 2 4 512 
0 0 0 0 0 0 0 0 0 0 0 0 0 0 0 0 0 4 2 8 
0 0 0 0 0 0 0 0 0 0 0 0 0 0 0 0 4 8 2 4 
0 0 0 0 0 0 0 0 0 0 0 0 0 0 0 0 0 32 8 64 
0 0 0 0 0 0 0 0 0 0 0 0 0 0 0 0 0 0 8 8 
0 0 0 0 0 0 0 0 0 0 0 0 8 1024 128 4 1024 2 512 4 
0 0 0 0 0 0 0 0 0 0 0 0 0 0 0 0 0 0 4 2 
0 0 0 0 0 0 0 0 0 0 0 0 0 0 0 0 0 0 4 4 
0 0 0 0 0 0 0 0 0 0 0 0 0 0 0 0 0 0 4 4 
0 0 0 0 0 0 0 0 0 0 0 0 0 0 0 8 4 4 8 4 
0 0 0 0 0 0 0 0 0 0 0 0 0 0 0 0 0 0 8 4 
0 0 0 0 0 0 0 0 0 0 0 0 0 0 0 4 2 128 2 64 
0 0 0 0 0 0 0 0 0 0 0 0 0 0 0 8 256 4 4 2 
0 0 0 0 0 0 0 0 0 0 0 0 0 0 0 0 0 8 2 4 
Case #38: 
4 0 0 0 0 0 0 0 0 0 0 0 0 0 0 0 0 0 0 0 
2 512 8 0 0 0 0 0 0 0 0 0 0 0 0 0 0 0 0 0 
4 0 0 0 0 0 0 0 0 0 0 0 0 0 0 0 0 0 0 0 
4 2 4 128 4 2 4 0 0 0 0 0 0 0 0 0 0 0 0 0 
2 8 4 8 4 0 0 0 0 0 0 0 0 0 0 0 0 0 0 0 
4 2 128 2 0 0 0 0 0 0 0 0 0 0 0 0 0 0 0 0 
4 4 4 4 2 0 0 0 0 0 0 0 0 0 0 0 0 0 0 0 
8 8 0 0 0 0 0 0 0 0 0 0 0 0 0 0 0 0 0 0 
2 32 4 4 4 0 0 0 0 0 0 0 0 0 0 0 0 0 0 0 
4 64 2 4 4 8 4 0 0 0 0 0 0 0 0 0 0 0 0 0 
8 16 4 8 512 4 0 0 0 0 0 0 0 0 0 0 0 0 0 0 
2 1024 8 0 0 0 0 0 0 0 0 0 0 0 0 0 0 0 0 0 
4 4 2 8 0 0 0 0 0 0 0 0 0 0 0 0 0 0 0 0 
4 32 8 4 32 0 0 0 0 0 0 0 0 0 0 0 0 0 0 0 
2 8 8 2 0 0 0 0 0 0 0 0 0 0 0 0 0 0 0 0 
4 32 2 0 0 0 0 0 0 0 0 0 0 0 0 0 0 0 0 0 
4 64 0 0 0 0 0 0 0 0 0 0 0 0 0 0 0 0 0 0 
32 0 0 0 0 0 0 0 0 0 0 0 0 0 0 0 0 0 0 0 
256 4 2 1024 0 0 0 0 0 0 0 0 0 0 0 0 0 0 0 0 
2 8 1024 4 0 0 0 0 0 0 0 0 0 0 0 0 0 0 0 0 
Case #39: 
0 0 0 0 0 0 0 0 0 0 0 0 0 0 0 0 0 0 0 0 
0 0 0 0 0 0 0 0 0 0 0 0 0 0 0 0 0 0 0 0 
0 0 0 0 0 0 0 0 0 0 0 0 0 0 0 0 0 0 0 0 
0 0 0 0 0 0 0 0 0 0 0 0 0 0 0 0 0 0 0 0 
0 0 0 0 0 0 0 0 0 0 0 0 0 0 0 0 0 0 0 0 
0 0 0 0 0 0 0 0 0 0 0 0 0 0 0 0 0 0 0 0 
0 0 0 0 0 0 0 0 0 0 0 0 0 0 0 0 0 0 0 0 
0 0 0 0 0 0 0 0 0 0 0 0 0 0 0 0 0 0 0 0 
0 0 0 0 0 0 0 0 0 0 0 0 0 0 0 0 0 0 0 0 
0 0 0 0 0 0 0 0 0 0 0 0 0 0 0 0 0 0 0 0 
0 0 0 0 0 0 0 0 0 0 0 0 0 0 0 0 0 0 0 0 
0 0 0 0 0 0 0 0 0 0 0 0 0 0 0 0 0 0 0 0 
0 0 0 0 0 0 0 0 0 0 0 0 0 0 0 0 16 0 0 0 
0 0 0 0 0 0 2 0 0 0 0 0 8 0 0 0 4 0 4 0 
0 0 128 8 0 2 128 0 0 0 0 4 2 0 0 0 2 0 4 0 
2 0 512 16 4 4 2 0 4 0 8 2 4 0 16 0 4 0 512 512 
4 0 8 2 2 256 8 0 32 0 1024 8 2 8 2 4 8 2 64 4 
4 0 2 256 4 16 8 0 128 8 2 256 4 2 4 8 128 4 4 8 
4 4 4 4 4 2 2 8 2 2 4 2 2 4 1024 2 256 4 2 2 
4 2 16 256 8 4 4 128 8 512 8 4 16 4 4 8 8 512 4 4 
Case #40: 
0 0 0 0 0 0 0 0 0 0 0 0 0 0 0 0 0 4 4 8 
0 0 0 0 0 0 0 0 0 0 0 0 0 0 0 2 8 512 2 4 
0 0 0 0 0 0 0 0 0 0 0 0 2 32 4 2 4 512 4 4 
0 0 0 0 0 0 0 0 0 0 0 0 0 2 4 4 4 16 4 2 
0 0 0 0 0 0 0 0 0 0 0 0 0 0 0 4 16 2 4 64 
0 0 0 0 0 0 0 0 0 0 0 0 0 0 0 2 4 8 2 4 
0 0 0 0 0 0 0 0 0 0 0 0 0 0 0 4 64 256 4 2 
0 0 0 0 0 0 0 0 0 0 0 0 0 0 0 256 4 4 32 4 
0 0 0 0 0 0 0 0 0 0 0 0 0 0 0 0 0 4 8 4 
0 0 0 0 0 0 0 0 0 0 0 0 0 0 0 0 0 2 4 4 
0 0 0 0 0 0 0 0 0 0 0 0 0 0 4 256 2 4 2 4 
0 0 0 0 0 0 0 0 0 0 0 0 0 0 0 0 0 0 4 2 
0 0 0 0 0 0 0 0 0 0 0 0 0 0 4 32 2 1024 2 8 
0 0 0 0 0 0 0 0 0 0 0 0 0 0 0 0 0 64 2 8 
0 0 0 0 0 0 0 0 0 0 0 0 0 0 0 0 2 8 1024 8 
0 0 0 0 0 0 0 0 0 0 0 0 0 0 0 512 2 4 2 4 
0 0 0 0 0 0 0 0 0 0 0 0 0 0 0 0 256 2 4 2 
0 0 0 0 0 0 0 0 0 0 0 0 0 0 0 0 2 16 2 8 
0 0 0 0 0 0 0 0 0 0 0 0 0 0 0 8 8 1024 4 16 
0 0 0 0 0 0 0 0 0 0 0 0 0 0 0 0 8 2 4 2 
Case #41: 
4 4 4 1024 4 4 2 128 2 8 4 2 4 2 4 4 4 8 4 4 
8 4 4 4 2 2 4 4 4 4 4 16 2 4 4 32 4 128 2 2 
4 2 2 2 4 0 2 256 8 4 4 4 4 2 2 16 4 2 0 64 
2 0 0 8 2 0 1024 8 4 4 4 4 0 512 8 4 64 4 0 2 
4 0 0 0 16 0 4 2 2 0 4 2 0 2 256 2 4 4 0 0 
2 0 0 0 2 0 0 512 4 0 64 4 0 4 128 0 512 2 0 0 
128 0 0 0 4 0 0 4 64 0 8 128 0 4 0 0 0 4 0 0 
0 0 0 0 1024 0 0 0 0 0 0 4 0 4 0 0 0 0 0 0 
0 0 0 0 4 0 0 0 0 0 0 2 0 0 0 0 0 0 0 0 
0 0 0 0 0 0 0 0 0 0 0 0 0 0 0 0 0 0 0 0 
0 0 0 0 0 0 0 0 0 0 0 0 0 0 0 0 0 0 0 0 
0 0 0 0 0 0 0 0 0 0 0 0 0 0 0 0 0 0 0 0 
0 0 0 0 0 0 0 0 0 0 0 0 0 0 0 0 0 0 0 0 
0 0 0 0 0 0 0 0 0 0 0 0 0 0 0 0 0 0 0 0 
0 0 0 0 0 0 0 0 0 0 0 0 0 0 0 0 0 0 0 0 
0 0 0 0 0 0 0 0 0 0 0 0 0 0 0 0 0 0 0 0 
0 0 0 0 0 0 0 0 0 0 0 0 0 0 0 0 0 0 0 0 
0 0 0 0 0 0 0 0 0 0 0 0 0 0 0 0 0 0 0 0 
0 0 0 0 0 0 0 0 0 0 0 0 0 0 0 0 0 0 0 0 
0 0 0 0 0 0 0 0 0 0 0 0 0 0 0 0 0 0 0 0 
Case #42: 
2 64 4 4 512 0 0 0 0 0 0 0 0 0 0 0 0 0 0 0 
4 2 8 1024 4 2 0 0 0 0 0 0 0 0 0 0 0 0 0 0 
2 4 2 4 512 8 4 0 0 0 0 0 0 0 0 0 0 0 0 0 
8 8 2 0 0 0 0 0 0 0 0 0 0 0 0 0 0 0 0 0 
2 4 0 0 0 0 0 0 0 0 0 0 0 0 0 0 0 0 0 0 
4 8 0 0 0 0 0 0 0 0 0 0 0 0 0 0 0 0 0 0 
4 2 64 4 8 0 0 0 0 0 0 0 0 0 0 0 0 0 0 0 
2 4 2 512 4 4 0 0 0 0 0 0 0 0 0 0 0 0 0 0 
4 8 256 4 0 0 0 0 0 0 0 0 0 0 0 0 0 0 0 0 
16 2 8 4 0 0 0 0 0 0 0 0 0 0 0 0 0 0 0 0 
4 2 4 512 2 8 1024 2 0 0 0 0 0 0 0 0 0 0 0 0 
8 64 4 2 8 4 0 0 0 0 0 0 0 0 0 0 0 0 0 0 
4 4 2 4 0 0 0 0 0 0 0 0 0 0 0 0 0 0 0 0 
4 4 2 8 4 0 0 0 0 0 0 0 0 0 0 0 0 0 0 0 
4 4 2 4 64 128 0 0 0 0 0 0 0 0 0 0 0 0 0 0 
8 2 4 1024 2 0 0 0 0 0 0 0 0 0 0 0 0 0 0 0 
4 4 4 0 0 0 0 0 0 0 0 0 0 0 0 0 0 0 0 0 
4 512 4 2 0 0 0 0 0 0 0 0 0 0 0 0 0 0 0 0 
16 2 4 0 0 0 0 0 0 0 0 0 0 0 0 0 0 0 0 0 
2 4 4 2 256 0 0 0 0 0 0 0 0 0 0 0 0 0 0 0 
Case #43: 
0 0 0 0 0 0 0 0 0 0 0 0 0 0 0 128 4 8 8 2 
0 0 0 0 0 0 0 0 0 0 0 0 0 0 0 0 0 2 8 2 
0 0 0 0 0 0 0 0 0 0 0 0 0 0 0 0 0 0 0 4 
0 0 0 0 0 0 0 0 0 0 0 0 0 4 2 4 32 4 8 4 
0 0 0 0 0 0 0 0 0 0 0 0 512 4 8 2 4 4 4 2 
0 0 0 0 0 0 0 0 0 0 0 0 0 0 2 16 8 1024 8 2 
0 0 0 0 0 0 0 0 0 0 0 0 8 2 4 8 2 4 4 2 
0 0 0 0 0 0 0 0 0 0 0 0 0 4 64 8 2 4 256 32 
0 0 0 0 0 0 0 0 0 0 0 0 0 0 0 0 8 4 512 64 
0 0 0 0 0 0 0 0 0 0 0 0 0 0 0 0 0 8 2 8 
0 0 0 0 0 0 0 0 0 0 0 0 0 0 0 0 8 2 4 4 
0 0 0 0 0 0 0 0 0 0 0 0 0 0 0 4 8 16 2 4 
0 0 0 0 0 0 0 0 0 0 0 0 0 0 4 2 4 4 4 2 
0 0 0 0 0 0 0 0 0 0 0 0 0 0 0 0 4 256 4 4 
0 0 0 0 0 0 0 0 0 0 0 0 0 0 0 0 4 4 4 8 
0 0 0 0 0 0 0 0 0 0 0 0 0 0 0 4 512 2 8 4 
0 0 0 0 0 0 0 0 0 0 0 0 0 0 0 16 2 4 512 8 
0 0 0 0 0 0 0 0 0 0 0 0 0 0 0 2 8 32 4 2 
0 0 0 0 0 0 0 0 0 0 0 0 0 0 0 0 0 8 2 8 
0 0 0 0 0 0 0 0 0 0 0 0 0 0 0 4 4 2 4 2 
Case #44: 
4 4 4 2 4 0 0 0 0 0 0 0 0 0 0 0 0 0 0 0 
8 64 4 2 0 0 0 0 0 0 0 0 0 0 0 0 0 0 0 0 
2 4 2 4 1024 8 4 0 0 0 0 0 0 0 0 0 0 0 0 0 
4 4 4 4 0 0 0 0 0 0 0 0 0 0 0 0 0 0 0 0 
2 32 2 4 4 32 0 0 0 0 0 0 0 0 0 0 0 0 0 0 
8 8 4 0 0 0 0 0 0 0 0 0 0 0 0 0 0 0 0 0 
2 4 4 4 0 0 0 0 0 0 0 0 0 0 0 0 0 0 0 0 
8 4 128 4 4 0 0 0 0 0 0 0 0 0 0 0 0 0 0 0 
2 4 2 4 8 0 0 0 0 0 0 0 0 0 0 0 0 0 0 0 
4 4 2 4 2 0 0 0 0 0 0 0 0 0 0 0 0 0 0 0 
8 4 8 256 0 0 0 0 0 0 0 0 0 0 0 0 0 0 0 0 
4 2 256 8 128 4 0 0 0 0 0 0 0 0 0 0 0 0 0 0 
8 4 512 256 2 0 0 0 0 0 0 0 0 0 0 0 0 0 0 0 
4 16 2 128 256 4 0 0 0 0 0 0 0 0 0 0 0 0 0 0 
512 4 4 128 2 0 0 0 0 0 0 0 0 0 0 0 0 0 0 0 
4 2 4 32 8 0 0 0 0 0 0 0 0 0 0 0 0 0 0 0 
8 4 8 4 4 0 0 0 0 0 0 0 0 0 0 0 0 0 0 0 
64 2 8 2 0 0 0 0 0 0 0 0 0 0 0 0 0 0 0 0 
2 32 4 4 0 0 0 0 0 0 0 0 0 0 0 0 0 0 0 0 
4 4 2 4 2 4 2 0 0 0 0 0 0 0 0 0 0 0 0 0 
Case #45: 
1024 4 4 32 4 2 256 1024 64 4 512 4 512 2 32 2 4 8 2 4 
8 32 8 4 32 8 4 128 4 4 4 8 2 8 8 4 512 2 4 4 
2 8 4 8 4 4 2 256 2 1024 2 2 4 2 256 2 4 512 2 0 
8 8 0 2 2 16 4 4 4 4 4 0 1024 8 8 4 8 4 4 0 
4 4 0 0 4 4 0 0 0 512 4 0 4 0 8 2 2 8 2 0 
0 4 0 0 512 2 0 0 0 16 0 0 0 0 2 4 8 4 0 0 
0 2 0 0 0 4 0 0 0 0 0 0 0 0 4 2 64 512 0 0 
0 256 0 0 0 0 0 0 0 0 0 0 0 0 0 0 0 64 0 0 
0 2 0 0 0 0 0 0 0 0 0 0 0 0 0 0 0 0 0 0 
0 0 0 0 0 0 0 0 0 0 0 0 0 0 0 0 0 0 0 0 
0 0 0 0 0 0 0 0 0 0 0 0 0 0 0 0 0 0 0 0 
0 0 0 0 0 0 0 0 0 0 0 0 0 0 0 0 0 0 0 0 
0 0 0 0 0 0 0 0 0 0 0 0 0 0 0 0 0 0 0 0 
0 0 0 0 0 0 0 0 0 0 0 0 0 0 0 0 0 0 0 0 
0 0 0 0 0 0 0 0 0 0 0 0 0 0 0 0 0 0 0 0 
0 0 0 0 0 0 0 0 0 0 0 0 0 0 0 0 0 0 0 0 
0 0 0 0 0 0 0 0 0 0 0 0 0 0 0 0 0 0 0 0 
0 0 0 0 0 0 0 0 0 0 0 0 0 0 0 0 0 0 0 0 
0 0 0 0 0 0 0 0 0 0 0 0 0 0 0 0 0 0 0 0 
0 0 0 0 0 0 0 0 0 0 0 0 0 0 0 0 0 0 0 0 
Case #46: 
4 64 4 64 2 4 4 8 8 4 2 512 4 2 4 8 2 2 512 2 
4 4 128 4 4 8 4 2 4 4 4 4 2 4 2 2 0 1024 8 256 
4 4 0 64 2 4 2 64 2 256 2 4 64 64 512 1024 0 2 0 4 
2 2 0 4 8 4 512 4 8 8 4 256 32 4 4 128 0 8 0 2 
4 8 0 4 512 4 4 512 2 2 4 2 4 1024 16 4 0 2 0 4 
2 8 0 0 8 0 128 0 0 512 0 8 2 2 2 4 0 0 0 2 
8 0 0 0 64 0 2 0 0 2 0 0 0 0 0 0 0 0 0 8 
128 0 0 0 0 0 512 0 0 0 0 0 0 0 0 0 0 0 0 4 
4 0 0 0 0 0 0 0 0 0 0 0 0 0 0 0 0 0 0 0 
0 0 0 0 0 0 0 0 0 0 0 0 0 0 0 0 0 0 0 0 
0 0 0 0 0 0 0 0 0 0 0 0 0 0 0 0 0 0 0 0 
0 0 0 0 0 0 0 0 0 0 0 0 0 0 0 0 0 0 0 0 
0 0 0 0 0 0 0 0 0 0 0 0 0 0 0 0 0 0 0 0 
0 0 0 0 0 0 0 0 0 0 0 0 0 0 0 0 0 0 0 0 
0 0 0 0 0 0 0 0 0 0 0 0 0 0 0 0 0 0 0 0 
0 0 0 0 0 0 0 0 0 0 0 0 0 0 0 0 0 0 0 0 
0 0 0 0 0 0 0 0 0 0 0 0 0 0 0 0 0 0 0 0 
0 0 0 0 0 0 0 0 0 0 0 0 0 0 0 0 0 0 0 0 
0 0 0 0 0 0 0 0 0 0 0 0 0 0 0 0 0 0 0 0 
0 0 0 0 0 0 0 0 0 0 0 0 0 0 0 0 0 0 0 0 
Case #47: 
0 0 0 0 0 0 0 0 0 0 0 0 0 0 0 0 0 0 8 2 
0 0 0 0 0 0 0 0 0 0 0 0 0 0 0 2 512 4 64 4 
0 0 0 0 0 0 0 0 0 0 0 0 0 0 0 0 4 8 2 4 
0 0 0 0 0 0 0 0 0 0 0 0 0 0 0 0 8 2 4 8 
0 0 0 0 0 0 0 0 0 0 0 0 0 2 8 64 2 32 2 4 
0 0 0 0 0 0 0 0 0 0 0 0 0 0 0 0 0 4 8 8 
0 0 0 0 0 0 0 0 0 0 0 0 4 2 8 2 64 2 4 2 
0 0 0 0 0 0 0 0 0 0 0 0 0 0 0 2 8 4 4 2 
0 0 0 0 0 0 0 0 0 0 0 0 0 0 0 2 4 8 2 4 
0 0 0 0 0 0 0 0 0 0 0 0 0 0 0 0 2 8 2 1024 
0 0 0 0 0 0 0 0 0 0 0 0 0 0 0 0 4 4 32 16 
0 0 0 0 0 0 0 0 0 0 0 0 0 0 0 8 2 1024 2 4 
0 0 0 0 0 0 0 0 0 0 0 0 0 0 0 0 0 0 2 4 
0 0 0 0 0 0 0 0 0 0 0 0 0 0 0 2 64 512 8 128 
0 0 0 0 0 0 0 0 0 0 0 0 0 4 256 2 4 4 16 4 
0 0 0 0 0 0 0 0 0 0 0 0 0 0 0 0 256 16 8 8 
0 0 0 0 0 0 0 0 0 0 0 0 0 2 4 2 4 4 2 4 
0 0 0 0 0 0 0 0 0 0 0 0 0 0 0 0 4 8 4 8 
0 0 0 0 0 0 0 0 0 0 0 0 2 8 8 2 32 64 2 4 
0 0 0 0 0 0 0 0 0 0 0 0 0 0 0 0 0 8 8 2 
Case #48: 
4 2 32 4 8 2 64 4 4 2 4 4 2 8 4 2 8 2 2 2 
4 64 4 4 2 8 8 2 2 4 4 512 4 2 4 16 128 256 4 8 
2 1024 32 4 8 8 4 4 16 2 4 4 4 4 4 2 4 8 4 32 
4 4 2 2 4 2 0 256 4 8 0 0 256 0 256 0 0 8 4 4 
0 2 0 0 0 0 0 128 2 4 0 0 4 0 64 0 0 0 4 8 
0 4 0 0 0 0 0 0 0 2 0 0 8 0 8 0 0 0 2 4 
0 0 0 0 0 0 0 0 0 0 0 0 0 0 0 0 0 0 16 128 
0 0 0 0 0 0 0 0 0 0 0 0 0 0 0 0 0 0 0 0 
0 0 0 0 0 0 0 0 0 0 0 0 0 0 0 0 0 0 0 0 
0 0 0 0 0 0 0 0 0 0 0 0 0 0 0 0 0 0 0 0 
0 0 0 0 0 0 0 0 0 0 0 0 0 0 0 0 0 0 0 0 
0 0 0 0 0 0 0 0 0 0 0 0 0 0 0 0 0 0 0 0 
0 0 0 0 0 0 0 0 0 0 0 0 0 0 0 0 0 0 0 0 
0 0 0 0 0 0 0 0 0 0 0 0 0 0 0 0 0 0 0 0 
0 0 0 0 0 0 0 0 0 0 0 0 0 0 0 0 0 0 0 0 
0 0 0 0 0 0 0 0 0 0 0 0 0 0 0 0 0 0 0 0 
0 0 0 0 0 0 0 0 0 0 0 0 0 0 0 0 0 0 0 0 
0 0 0 0 0 0 0 0 0 0 0 0 0 0 0 0 0 0 0 0 
0 0 0 0 0 0 0 0 0 0 0 0 0 0 0 0 0 0 0 0 
0 0 0 0 0 0 0 0 0 0 0 0 0 0 0 0 0 0 0 0 
Case #49: 
2 2 8 1024 2 2 1024 2 4 8 8 2 4 2 256 4 2 4 4 2 
8 512 4 4 8 8 64 8 2 8 4 1024 512 256 4 256 16 4 4 1024 
128 4 2 256 4 4 2 8 4 4 0 2 8 1024 2 32 8 0 2 4 
2 0 0 2 0 2 8 4 2 2 0 128 1024 32 4 0 0 0 0 0 
4 0 0 8 0 32 16 0 8 4 0 2 2 0 0 0 0 0 0 0 
2 0 0 0 0 512 0 0 0 32 0 256 512 0 0 0 0 0 0 0 
4 0 0 0 0 256 0 0 0 128 0 2 128 0 0 0 0 0 0 0 
0 0 0 0 0 0 0 0 0 0 0 0 0 0 0 0 0 0 0 0 
0 0 0 0 0 0 0 0 0 0 0 0 0 0 0 0 0 0 0 0 
0 0 0 0 0 0 0 0 0 0 0 0 0 0 0 0 0 0 0 0 
0 0 0 0 0 0 0 0 0 0 0 0 0 0 0 0 0 0 0 0 
0 0 0 0 0 0 0 0 0 0 0 0 0 0 0 0 0 0 0 0 
0 0 0 0 0 0 0 0 0 0 0 0 0 0 0 0 0 0 0 0 
0 0 0 0 0 0 0 0 0 0 0 0 0 0 0 0 0 0 0 0 
0 0 0 0 0 0 0 0 0 0 0 0 0 0 0 0 0 0 0 0 
0 0 0 0 0 0 0 0 0 0 0 0 0 0 0 0 0 0 0 0 
0 0 0 0 0 0 0 0 0 0 0 0 0 0 0 0 0 0 0 0 
0 0 0 0 0 0 0 0 0 0 0 0 0 0 0 0 0 0 0 0 
0 0 0 0 0 0 0 0 0 0 0 0 0 0 0 0 0 0 0 0 
0 0 0 0 0 0 0 0 0 0 0 0 0 0 0 0 0 0 0 0 
Case #50: 
0 0 0 0 0 0 0 0 0 0 0 0 0 0 0 16 2 8 2 4 
0 0 0 0 0 0 0 0 0 0 0 0 0 0 0 0 8 256 8 2 
0 0 0 0 0 0 0 0 0 0 0 0 0 0 0 512 2 256 2 4 
0 0 0 0 0 0 0 0 0 0 0 0 0 0 0 4 8 4 4 2 
0 0 0 0 0 0 0 0 0 0 0 0 0 0 0 0 4 8 1024 2 
0 0 0 0 0 0 0 0 0 0 0 0 0 0 0 0 0 0 512 4 
0 0 0 0 0 0 0 0 0 0 0 0 0 0 0 16 4 8 4 4 
0 0 0 0 0 0 0 0 0 0 0 0 0 0 0 0 0 2 8 4 
0 0 0 0 0 0 0 0 0 0 0 0 0 0 4 8 512 4 256 32 
0 0 0 0 0 0 0 0 0 0 0 0 0 0 0 8 16 2 4 8 
0 0 0 0 0 0 0 0 0 0 0 0 0 0 0 8 512 4 16 4 
0 0 0 0 0 0 0 0 0 0 0 0 0 0 0 4 8 8 2 8 
0 0 0 0 0 0 0 0 0 0 0 0 0 0 0 0 2 1024 256 8 
0 0 0 0 0 0 0 0 0 0 0 0 0 0 0 2 8 2 8 2 
0 0 0 0 0 0 0 0 0 0 0 0 0 8 32 4 512 2 256 128 
0 0 0 0 0 0 0 0 0 0 0 0 0 16 2 8 64 4 2 4 
0 0 0 0 0 0 0 0 0 0 0 0 0 0 0 0 8 8 2 4 
0 0 0 0 0 0 0 0 0 0 0 0 0 0 64 1024 4 8 4 8 
0 0 0 0 0 0 0 0 0 0 0 0 0 0 0 0 0 0 2 4 
0 0 0 0 0 0 0 0 0 0 0 0 0 0 0 1024 8 4 256 8 
Case #51: 
0 0 0 0 0 0 0 0 0 0 0 0 0 0 0 0 0 0 0 0 
0 0 0 0 0 0 0 0 0 0 0 0 0 0 0 0 0 0 0 0 
0 0 0 0 0 0 0 0 0 0 0 0 0 0 0 0 0 0 0 0 
0 0 0 0 0 0 0 0 0 0 0 0 0 0 0 0 0 0 0 0 
0 0 0 0 0 0 0 0 0 0 0 0 0 0 0 0 0 0 0 0 
0 0 0 0 0 0 0 0 0 0 0 0 0 0 0 0 0 0 0 0 
0 0 0 0 0 0 0 0 0 0 0 0 0 0 0 0 0 0 0 0 
0 0 0 0 0 0 0 0 0 0 0 0 0 0 0 0 0 0 0 0 
0 0 0 0 0 0 0 0 0 0 0 0 0 0 0 0 0 0 0 0 
0 0 0 0 0 0 0 0 0 0 0 0 0 0 0 0 0 0 0 0 
0 0 0 0 0 0 0 0 0 0 0 0 0 0 0 0 0 0 0 0 
0 0 0 0 0 0 0 0 0 0 0 0 0 8 0 0 0 0 0 0 
0 0 0 0 0 0 0 0 0 0 0 2 0 256 0 0 0 0 0 0 
0 0 0 0 2 0 0 0 0 0 0 4 0 4 0 0 0 0 0 0 
0 0 0 0 128 0 4 0 0 0 0 8 0 4 0 0 0 0 0 128 
0 0 0 4 8 0 16 0 0 0 512 4 0 2 0 0 0 0 0 2 
4 64 0 2 2 4 8 0 2 0 256 2 2 4 4 0 0 256 0 128 
2 256 8 4 256 8 4 4 32 8 4 4 8 8 4 0 4 8 0 4 
4 4 32 1024 64 8 4 2 4 8 2 2 2 2 8 2 2 8 8 2 
4 2 2 4 8 8 2 4 4 32 4 4 32 16 8 4 32 32 8 4 
Case #52: 
4 2 4 4 0 0 0 0 0 0 0 0 0 0 0 0 0 0 0 0 
4 4 8 4 0 0 0 0 0 0 0 0 0 0 0 0 0 0 0 0 
2 4 4 16 4 0 0 0 0 0 0 0 0 0 0 0 0 0 0 0 
2 8 2 4 2 0 0 0 0 0 0 0 0 0 0 0 0 0 0 0 
2 4 16 8 512 8 4 0 0 0 0 0 0 0 0 0 0 0 0 0 
4 64 4 8 2 256 0 0 0 0 0 0 0 0 0 0 0 0 0 0 
8 4 2 512 0 0 0 0 0 0 0 0 0 0 0 0 0 0 0 0 
4 8 8 4 0 0 0 0 0 0 0 0 0 0 0 0 0 0 0 0 
2 512 4 16 2 8 0 0 0 0 0 0 0 0 0 0 0 0 0 0 
4 16 4 4 4 0 0 0 0 0 0 0 0 0 0 0 0 0 0 0 
4 4 8 64 4 0 0 0 0 0 0 0 0 0 0 0 0 0 0 0 
4 128 0 0 0 0 0 0 0 0 0 0 0 0 0 0 0 0 0 0 
4 2 32 1024 4 2 0 0 0 0 0 0 0 0 0 0 0 0 0 0 
8 8 2 4 2 8 2 256 2 0 0 0 0 0 0 0 0 0 0 0 
2 32 4 8 2 0 0 0 0 0 0 0 0 0 0 0 0 0 0 0 
8 4 4 64 2 0 0 0 0 0 0 0 0 0 0 0 0 0 0 0 
4 16 8 8 0 0 0 0 0 0 0 0 0 0 0 0 0 0 0 0 
8 8 0 0 0 0 0 0 0 0 0 0 0 0 0 0 0 0 0 0 
2 4 4 4 2 0 0 0 0 0 0 0 0 0 0 0 0 0 0 0 
4 2 256 4 0 0 0 0 0 0 0 0 0 0 0 0 0 0 0 0 
Case #53: 
8 2 32 2 4 0 0 0 0 0 0 0 0 0 0 0 0 0 0 0 
4 2 128 4 4 0 0 0 0 0 0 0 0 0 0 0 0 0 0 0 
2 4 2 4 2 0 0 0 0 0 0 0 0 0 0 0 0 0 0 0 
4 4 4 0 0 0 0 0 0 0 0 0 0 0 0 0 0 0 0 0 
4 2 4 2 1024 8 0 0 0 0 0 0 0 0 0 0 0 0 0 0 
16 4 64 4 512 4 0 0 0 0 0 0 0 0 0 0 0 0 0 0 
4 256 4 4 0 0 0 0 0 0 0 0 0 0 0 0 0 0 0 0 
4 1024 2 4 64 0 0 0 0 0 0 0 0 0 0 0 0 0 0 0 
4 8 2 4 0 0 0 0 0 0 0 0 0 0 0 0 0 0 0 0 
2 8 512 4 2 1024 8 4 0 0 0 0 0 0 0 0 0 0 0 0 
4 1024 256 8 2 0 0 0 0 0 0 0 0 0 0 0 0 0 0 0 
64 2 8 0 0 0 0 0 0 0 0 0 0 0 0 0 0 0 0 0 
4 2 1024 2 8 0 0 0 0 0 0 0 0 0 0 0 0 0 0 0 
64 512 2 4 4 4 1024 8 0 0 0 0 0 0 0 0 0 0 0 0 
2 8 128 4 4 2 0 0 0 0 0 0 0 0 0 0 0 0 0 0 
4 4 2 8 8 2 512 256 0 0 0 0 0 0 0 0 0 0 0 0 
8 8 4 2 4 2 0 0 0 0 0 0 0 0 0 0 0 0 0 0 
4 4 2 4 0 0 0 0 0 0 0 0 0 0 0 0 0 0 0 0 
4 4 4 2 4 0 0 0 0 0 0 0 0 0 0 0 0 0 0 0 
4 4 4 4 2 0 0 0 0 0 0 0 0 0 0 0 0 0 0 0 
Case #54: 
2 4 4 4 1024 0 0 0 0 0 0 0 0 0 0 0 0 0 0 0 
2 128 1024 4 0 0 0 0 0 0 0 0 0 0 0 0 0 0 0 0 
512 4 1024 4 512 8 4 0 0 0 0 0 0 0 0 0 0 0 0 0 
512 4 2 4 2 4 0 0 0 0 0 0 0 0 0 0 0 0 0 0 
8 16 8 4 256 2 0 0 0 0 0 0 0 0 0 0 0 0 0 0 
4 512 8 2 4 2 0 0 0 0 0 0 0 0 0 0 0 0 0 0 
128 4 4 128 4 0 0 0 0 0 0 0 0 0 0 0 0 0 0 0 
4 8 2 256 0 0 0 0 0 0 0 0 0 0 0 0 0 0 0 0 
4 2 4 8 8 2 8 0 0 0 0 0 0 0 0 0 0 0 0 0 
8 4 256 8 128 0 0 0 0 0 0 0 0 0 0 0 0 0 0 0 
4 2 4 4 4 2 0 0 0 0 0 0 0 0 0 0 0 0 0 0 
4 4 1024 1024 128 4 4 0 0 0 0 0 0 0 0 0 0 0 0 0 
128 4 0 0 0 0 0 0 0 0 0 0 0 0 0 0 0 0 0 0 
4 2 4 4 0 0 0 0 0 0 0 0 0 0 0 0 0 0 0 0 
4 4 32 8 2 4 0 0 0 0 0 0 0 0 0 0 0 0 0 0 
2 256 4 128 4 2 128 32 0 0 0 0 0 0 0 0 0 0 0 0 
2 512 4 8 4 0 0 0 0 0 0 0 0 0 0 0 0 0 0 0 
4 4 1024 8 0 0 0 0 0 0 0 0 0 0 0 0 0 0 0 0 
2 4 4 128 2 8 0 0 0 0 0 0 0 0 0 0 0 0 0 0 
4 1024 4 4 2 16 0 0 0 0 0 0 0 0 0 0 0 0 0 0 
Case #55: 
0 0 0 0 0 0 0 0 0 0 0 0 0 0 0 0 4 1024 2 128 
0 0 0 0 0 0 0 0 0 0 0 0 0 0 0 0 64 2 512 4 
0 0 0 0 0 0 0 0 0 0 0 0 0 0 0 0 8 2 4 8 
0 0 0 0 0 0 0 0 0 0 0 0 0 0 0 512 2 4 2 4 
0 0 0 0 0 0 0 0 0 0 0 0 0 0 0 0 2 4 1024 2 
0 0 0 0 0 0 0 0 0 0 0 0 0 2 1024 4 128 4 8 1024 
0 0 0 0 0 0 0 0 0 0 0 0 0 0 0 0 0 512 2 32 
0 0 0 0 0 0 0 0 0 0 0 0 0 0 0 0 4 4 4 4 
0 0 0 0 0 0 0 0 0 0 0 0 0 0 2 8 64 4 2 4 
0 0 0 0 0 0 0 0 0 0 0 0 0 0 4 64 2 4 128 64 
0 0 0 0 0 0 0 0 0 0 0 0 0 0 0 4 256 4 64 4 
0 0 0 0 0 0 0 0 0 0 0 0 0 0 0 4 2 4 4 8 
0 0 0 0 0 0 0 0 0 0 2 4 2 128 2 4 512 8 2 8 
0 0 0 0 0 0 0 0 0 0 0 0 0 0 4 2 4 2 8 4 
0 0 0 0 0 0 0 0 0 0 0 0 0 0 2 4 1024 256 4 8 
0 0 0 0 0 0 0 0 0 0 0 0 0 0 0 0 0 0 0 4 
0 0 0 0 0 0 0 0 0 0 0 0 0 0 4 4 128 512 4 4 
0 0 0 0 0 0 0 0 0 0 0 0 0 0 64 4 2 8 4 8 
0 0 0 0 0 0 0 0 0 0 0 0 0 8 2 4 2 4 64 8 
0 0 0 0 0 0 0 0 0 0 0 0 0 0 4 2 4 2 4 4 
Case #56: 
0 0 0 0 0 0 0 0 0 0 0 0 0 0 0 0 8 8 2 32 
0 0 0 0 0 0 0 0 0 0 0 0 0 0 0 0 32 4 512 8 
0 0 0 0 0 0 0 0 0 0 0 0 0 4 8 16 4 64 2 4 
0 0 0 0 0 0 0 0 0 0 0 0 0 4 2 4 64 2 256 2 
0 0 0 0 0 0 0 0 0 0 0 0 0 0 0 0 0 0 0 4 
0 0 0 0 0 0 0 0 0 0 0 0 0 0 0 0 0 4 2048 4 
0 0 0 0 0 0 0 0 0 0 0 0 0 0 4 8 512 2 512 4 
0 0 0 0 0 0 0 0 0 0 0 0 0 2 4 8 4 1024 2 4 
0 0 0 0 0 0 0 0 0 0 0 0 0 0 0 0 0 128 4 4 
0 0 0 0 0 0 0 0 0 0 0 0 0 0 0 8 4 2 4 256 
0 0 0 0 0 0 0 0 0 0 0 0 0 0 0 0 0 8 32 4 
0 0 0 0 0 0 0 0 0 0 0 0 0 0 0 0 4 8 4 64 
0 0 0 0 0 0 0 0 0 0 0 0 0 0 0 2 1024 2 4 4 
0 0 0 0 0 0 0 0 0 0 0 0 0 128 32 2 4 2 512 8 
0 0 0 0 0 0 0 0 0 0 0 0 0 0 4 512 2 1024 8 2 
0 0 0 0 0 0 0 0 0 0 0 0 0 4 2 4 2 4 2 1024 
0 0 0 0 0 0 0 0 0 0 0 0 0 0 0 0 2 4 4 8 
0 0 0 0 0 0 0 0 0 0 0 0 0 0 8 8 2 4 8 2 
0 0 0 0 0 0 0 0 0 0 0 0 0 4 2 8 128 4 256 1024 
0 0 0 0 0 0 0 0 0 0 0 0 0 0 0 0 0 0 0 32 
Case #57: 
0 0 0 0 0 0 0 0 0 0 0 4 4 4 256 8 1024 64 8 16 
0 0 0 0 0 0 0 4 4 512 4 512 512 1024 2 128 4 8 2 8 
0 0 0 0 0 128 8 4 256 128 8 16 2 128 4 2 256 64 4 2 
0 0 0 0 16 128 256 16 2 32 16 4 8 2 16 512 32 128 32 128 
0 0 0 0 0 2 256 4 16 64 512 16 8 128 2 4 512 64 2 32 
0 0 0 0 0 0 64 2048 128 32 128 4 512 1024 512 16 8 4 32 2 
0 0 0 0 0 0 0 16 2 128 4 8 2 32 32 4 16 2 4 512 
0 0 0 0 0 0 8 512 4 64 4 32 64 256 4 8 1024 64 8 256 
0 0 0 0 0 0 0 0 2 16 64 2 32 1024 4 8 2 256 2 4 
0 0 0 0 0 0 0 2 8 512 8 4 8 4 128 4 32 256 16 4 
0 0 0 0 2 1024 2 64 4 8 512 4 2 256 8 2 256 1024 2 256 
0 0 0 0 0 64 2 8 32 4 32 128 16 2 1024 4 4 4 1024 8 
0 0 0 0 0 16 4 1024 2 256 128 8 128 4 512 4 1024 256 2 8 
0 0 0 0 0 4 16 8 2 512 64 16 4 512 64 2 64 8 4 16 
0 0 0 0 32 8 32 2 16 4 16 128 512 2 64 4 16 4 256 16 
0 0 0 0 2 4 512 4 16 2 4 128 4 1024 4 2 8 4 2 128 
0 0 0 0 0 0 0 0 1024 128 8 1024 16 4 512 16 32 4 16 32 
0 0 0 0 0 2 512 1024 256 2 4 2048 64 2 128 64 2 16 4 64 
0 0 0 0 0 2 4 16 2 32 2 16 4 128 2 32 512 32 128 8 
0 0 0 0 32 1024 64 16 128 2 512 16 2 128 2 512 8 8 8 4 
Case #58: 
2 4 128 32 64 4 16 32 4 256 64 256 4 2 4 512 8 0 0 0 
64 8 32 4 64 16 4 2 4 512 128 1024 16 4 64 0 0 0 0 0 
64 2 32 2 1024 8 2 32 4 2 4 256 4 32 4 4 64 0 0 0 
8 1024 2 4 256 2 8 512 4 2 16 1024 2 64 8 1024 0 0 0 0 
512 2048 16 8 256 16 4 4 4 256 32 1024 2 128 2 0 0 0 0 0 
256 512 8 64 16 64 4 256 128 256 2 8 128 64 4 0 0 0 0 0 
512 4 32 8 16 128 4 4 4 2 1024 0 0 0 0 0 0 0 0 0 
64 4 2 4 2 8 2 32 4 32 4 512 64 8 64 4 0 0 0 0 
512 128 512 32 2 4 32 2 1024 16 2 1024 2 64 2 0 0 0 0 0 
16 8 1024 4 256 32 1024 64 8 4 256 8 64 2 0 0 0 0 0 0 
4 2 8 4 512 16 4 8 2 64 4 0 0 0 0 0 0 0 0 0 
4 2 1024 64 16 512 4 256 8 4 512 2 8 2 0 0 0 0 0 0 
4 256 2 8 4 512 128 8 4 2 4 64 4 256 8 0 0 0 0 0 
8 16 4 128 2 4 512 4 2 64 2 1024 2 64 0 0 0 0 0 0 
128 2 256 4 2 4 2 8 128 4 1024 16 4 2 256 2 0 0 0 0 
4 2 1024 64 4 1024 4 128 2 64 4 8 128 2 128 1024 4 0 0 0 
2 4 1024 4 2 4 256 4 16 4 64 8 1024 8 2 1024 0 0 0 0 
8 16 2 256 32 4 128 256 2 512 4 256 4 32 256 4 0 0 0 0 
128 512 256 2 256 4 2 32 256 16 8 2 8 2 128 0 0 0 0 0 
32 64 32 512 8 2 4 1024 2 512 4 128 4 256 2 0 0 0 0 0 
Case #59: 
8 2 128 1024 2 4 2 16 1024 512 2 32 16 4 16 4 0 0 0 0 
16 256 4 8 2 256 256 64 4 2 32 16 64 0 0 0 0 0 0 0 
2 64 2 4 512 128 512 32 128 8 128 4 128 16 512 32 2 4 0 0 
4 8 64 64 4 16 128 64 8 4 8 2 32 0 0 0 0 0 0 0 
8 1024 16 2 256 64 8 1024 64 2 4 8 32 1024 32 256 0 0 0 0 
32 2 4 1024 512 4 8 32 4 2048 16 512 4 8 0 0 0 0 0 0 
4 64 2 32 1024 2 1024 8 4 8 8 2 512 2 0 0 0 0 0 0 
16 4 16 32 4 4 512 8 4 1024 2 256 8 0 0 0 0 0 0 0 
4 2 32 2 32 512 2 4 32 2 128 64 512 2 0 0 0 0 0 0 
256 4 256 2 4 512 2 16 2 8 2 8 16 256 0 0 0 0 0 0 
32 4 16 256 2 64 1024 16 8 512 8 16 4 0 0 0 0 0 0 0 
512 4 2 4 1024 128 4 64 4 128 16 4 0 0 0 0 0 0 0 0 
4 2 128 16 64 2 8 1024 8 2 8 8 16 4 0 0 0 0 0 0 
16 2 16 4 512 4 2 4 2 32 64 16 2 4 8 2 128 1024 0 0 
4 32 8 2 512 4 512 16 4 2 4 0 0 0 0 0 0 0 0 0 
4 16 4 8 2 4 2 128 32 2 4 1024 4 2 4 0 0 0 0 0 
4 256 4 4 8 16 32 4 64 4 8 256 4 1024 0 0 0 0 0 0 
32 256 8 4 2 128 8 4 8 4 128 8 8 0 0 0 0 0 0 0 
8 64 8 4 2 16 4 1024 8 4 16 64 8 1024 0 0 0 0 0 0 
512 2 512 2 8 4 2 32 8 256 16 4 0 0 0 0 0 0 0 0 
Case #60: 
8 4 8 4 4 8 2 2 8 4 4 8 64 1024 4 512 128 4 32 4 
2 4 4 1024 1024 8 8 16 4 128 2 2 4 2 8 64 2 8 1024 2 
1024 128 4 2 128 4 128 128 8 4 8 4 1024 8 64 8 16 2 64 4 
32 4 2 4 4 2 4 256 256 8 64 128 4 64 512 4 512 8 256 2048 
128 64 8 64 128 16 2 8 2 32 4 2 16 512 32 4 16 4 8 2 
2 2 512 1024 64 8 1024 32 4 8 32 4 2 4 4 1024 256 2 512 512 
256 16 128 8 128 512 128 512 16 128 128 2 64 8 32 256 512 128 1024 8 
32 128 4 64 8 4 256 128 4 2 64 4 4 2 64 4 128 4 4 4 
16 16 512 4 4 4 8 1024 4 4 512 512 128 1024 8 64 16 512 2 16 
256 4 2 2 64 1024 16 128 4 32 4 8 512 4 2 2 32 2 8 8 
2 2 256 128 2 32 32 64 32 256 8 2 16 8 64 128 64 4 4 16 
512 64 128 4 512 0 2 8 512 512 2 4 64 4 4 32 4 512 2 8 
2048 1024 2048 2 4 0 0 4 4 256 64 4 0 1024 128 256 128 32 8 64 
4 4 0 4 2 0 0 4 2 8 32 0 0 16 16 2 0 2 0 0 
2 0 0 1024 16 0 0 4 8 0 4 0 0 0 4 4 0 256 0 0 
64 0 0 16 512 0 0 0 0 0 0 0 0 0 64 0 0 0 0 0 
0 0 0 2 0 0 0 0 0 0 0 0 0 0 0 0 0 0 0 0 
0 0 0 512 0 0 0 0 0 0 0 0 0 0 0 0 0 0 0 0 
0 0 0 0 0 0 0 0 0 0 0 0 0 0 0 0 0 0 0 0 
0 0 0 0 0 0 0 0 0 0 0 0 0 0 0 0 0 0 0 0 
Case #61: 
4 64 2 32 16 32 2 8 4 512 2 32 8 4 0 0 0 0 0 0 
2 4 4 16 512 256 2 8 8 2 4 0 0 0 0 0 0 0 0 0 
4 2 512 16 4 2 4 1024 32 4 1024 512 128 256 4 8 0 0 0 0 
1024 8 2 256 8 4 32 4 2048 16 1024 16 8 4 2 128 0 0 0 0 
2 1024 512 2 64 2 64 32 4 32 2 16 8 512 4 256 0 0 0 0 
64 4 128 512 4 16 8 64 2 128 2 128 4 128 0 0 0 0 0 0 
4 2 32 512 32 4 4 2 8 8 1024 4 512 2 1024 0 0 0 0 0 
256 1024 512 4 64 32 4 32 8 32 128 32 4 256 2 256 16 0 0 0 
2 128 2 32 4 512 1024 64 2 32 16 2 8 8 256 4 0 0 0 0 
2 64 512 64 32 4 2 128 64 1024 2 4 0 0 0 0 0 0 0 0 
512 4 64 2 1024 64 128 4 2 64 16 2 8 2 4 128 0 0 0 0 
4 8 4 1024 256 4 2 8 2 1024 4 256 1024 0 0 0 0 0 0 0 
16 512 8 4 2 256 32 256 2 1024 4 8 512 4 0 0 0 0 0 0 
4 256 4 16 512 16 8 4 128 4 128 4 0 0 0 0 0 0 0 0 
64 2 32 1024 1024 64 4 128 4 2 4 1024 4 0 0 0 0 0 0 0 
512 256 4 256 8 4 8 2 4 4 8 4 2 4 2 0 0 0 0 0 
64 2 16 64 256 4 32 2 32 256 8 8 2 512 64 256 0 0 0 0 
8 2 16 4 32 16 4 2 64 512 16 4 16 2 1024 8 0 0 0 0 
256 1024 16 4 32 512 128 16 2 512 8 4 2 256 4 2 128 4 0 0 
4 256 16 256 16 2 32 4 16 1024 2 4 2 256 0 0 0 0 0 0 
Case #62: 
0 0 0 0 0 0 2 8 512 256 1024 8 1024 4 16 4 2 4 128 256 
0 0 0 0 0 64 2 4 256 128 32 2 8 64 8 8 16 512 4 512 
0 0 0 0 0 0 0 4 16 8 8 2 4 512 4 16 512 4 2 32 
0 0 0 16 2 16 2 256 1024 8 1024 2 8 2 4 64 16 2 32 2 
0 0 0 0 0 8 2048 2 32 4 32 4 16 256 4 2 8 4 512 4 
0 0 0 0 0 0 0 128 256 8 4 32 2048 2 32 2 16 8 512 64 
0 0 0 0 0 128 8 256 256 2 4 1024 8 2 1024 2 8 2 256 2 
0 0 0 0 0 0 0 128 512 2 32 2 4 64 32 2 256 128 2 8 
0 0 0 0 0 0 512 4 2 32 8 2 1024 4 2 32 4 16 2 4 
0 0 0 0 0 0 0 0 8 2 4 512 1024 2 32 128 2 32 4 8 
0 0 0 0 0 0 0 0 0 0 1024 16 64 1024 4 2 64 4 8 2 
0 0 0 0 0 0 32 2 256 4 8 4 4 8 2 4 256 32 4 16 
0 0 0 0 0 32 1024 2 4 2 128 4 64 128 64 2 64 8 4 32 
0 0 0 4 1024 64 16 64 2 4 2 4 2 4 2 32 128 512 4 16 
0 0 0 0 0 0 16 4 128 32 8 128 2 8 128 32 4 4 8 4 
0 0 0 0 0 0 0 32 2 4 1024 2 1024 4 4 256 32 1024 1024 4 
0 0 0 0 0 0 0 0 0 0 256 2 128 4 16 8 2 4 1024 64 
0 0 0 0 0 0 128 256 8 8 32 256 2 4 2 64 2 256 32 256 
0 0 0 0 0 0 2 128 2 8 2 512 2 4 256 64 4 64 1024 4 
0 0 0 0 0 256 512 2 4 128 32 128 2 4 32 64 32 4 2 64 
Case #63: 
0 0 0 0 0 0 0 0 0 0 0 0 0 0 0 0 0 0 0 0 
0 0 0 0 0 0 0 0 0 0 0 0 0 0 0 0 0 0 0 0 
512 0 0 0 0 0 0 0 0 0 0 0 0 0 0 0 0 0 0 0 
2 0 2 0 0 0 0 0 0 0 0 0 0 0 0 0 0 0 0 2 
128 0 8 0 2 0 0 0 0 0 0 0 0 0 4 0 128 0 0 32 
4 512 2 8 256 0 0 0 0 0 0 0 0 0 8 0 4 0 32 8 
128 4 32 2 2 0 0 2 0 0 0 0 0 0 8 0 4 4 16 1024 
1024 16 2 128 4 0 0 4 128 0 0 0 0 0 2 0 2 4 8 4 
4 4 4 4 128 0 1024 2 16 4 0 0 2 4 8 1024 256 4 32 16 
2 2 2 2 4 256 8 64 16 4 0 0 4 64 1024 2 512 32 64 2 
64 512 4 512 128 8 8 8 4 16 4 0 32 1024 8 4 8 8 32 256 
128 2 16 4 512 4 8 1024 64 4 32 4 2 32 2 64 2 4 1024 128 
2 4 256 8 64 256 32 512 4 256 4 2 4 4 4 8 4 16 4 32 
4 1024 32 256 1024 4 4 8 64 1024 8 16 4 256 1024 8 8 128 32 4 
128 2 512 32 16 256 16 2 4 4 64 256 4 4 512 128 4 4 4 8 
2 256 2 4 2 16 64 64 16 32 4 2 2 64 1024 512 4 64 256 1024 
8 4 4 256 128 4 2 32 8 8 2 4 8 64 32 4 8 2 1024 8 
4 4 2 16 1024 128 4 2 256 4 8 4 2 8 8 2 64 512 512 32 
128 2 4 2 4 4 4 4 4 128 4 8 64 8 2 4 4 4 2 2 
4 256 128 4 2048 8 8 1024 2 4 8 2 2 8 4 256 2 4 64 4 
Case #64: 
4 2 4 64 32 512 8 256 16 2 4 8 2 0 0 0 0 0 0 0 
4 8 512 128 4 64 128 32 128 2 32 8 1024 2 4 2 0 0 0 0 
1024 4 2 8 32 2 4 2 4 2 128 8 8 16 32 2 0 0 0 0 
4 64 128 4 512 32 8 512 16 8 1024 256 2 4 0 0 0 0 0 0 
256 4 1024 2 4 2 8 512 8 1024 512 8 4 0 0 0 0 0 0 0 
64 4 16 512 8 1024 4 2 4 2 128 32 128 0 0 0 0 0 0 0 
4 512 16 2 256 4 128 4 4 32 64 8 4 16 0 0 0 0 0 0 
8 16 2 512 2 1024 2 8 4 8 32 2 64 2 512 0 0 0 0 0 
512 8 1024 128 8 1024 4 256 16 32 4 32 4 8 4 128 0 0 0 0 
2 4 2 64 512 1024 128 2 16 256 4 4 8 16 4 0 0 0 0 0 
4 32 16 64 8 32 512 2 512 2 4 64 512 8 8 0 0 0 0 0 
16 512 4 2 4 16 128 2 64 4 256 4 2 512 16 0 0 0 0 0 
128 128 512 256 8 4 64 8 64 8 2 0 0 0 0 0 0 0 0 0 
512 64 2 4 4 8 8 4 2 8 2 64 8 0 0 0 0 0 0 0 
4 32 4 64 1024 512 256 4 2 128 512 1024 512 4 256 0 0 0 0 0 
4 128 2 4 128 4 32 8 2 4 128 2 256 64 256 2048 16 0 0 0 
256 2 128 2 256 4 2 4 32 64 4 32 4 4 64 2 0 0 0 0 
512 4 64 512 4 128 4 8 256 16 4 4 0 0 0 0 0 0 0 0 
8 4 8 64 128 2 8 8 128 32 32 2 8 2 16 0 0 0 0 0 
4 32 4 4 128 4 2 4 2 128 64 0 0 0 0 0 0 0 0 0 
Case #65: 
64 4 512 2 2 4 2 128 4 4 16 4 16 1024 8 4 8 8 4 512 
4 512 64 16 1024 16 256 4 4 32 4 16 2 32 128 512 4 2 256 4 
4 8 4 4 4 2 128 2 1024 512 128 8 8 4 16 64 2 256 32 128 
4 16 16 2 2 512 1024 512 4 128 8 8 8 8 4 4 32 4 16 2 
4 1024 4 512 8 32 8 2 512 4 64 32 4 1024 4 256 512 4 4 32 
32 8 32 8 2 1024 2 512 128 128 4 4 2 8 4 2 8 256 4 8 
4 4 4 32 1024 512 4 64 16 4 2 16 8 2 2 512 32 32 32 4 
1024 4 256 1024 64 128 8 4 2 512 8 4 4 4 128 2 4 512 8 4 
256 8 128 2 32 4 128 32 128 4 32 1024 2 2 2 16 16 4 4 2 
4 4 4 512 256 2 2 16 16 4 2 4 32 1024 128 4 4 4 2 1024 
2 8 2 64 4 256 64 8 2 4 16 2 4 8 8 64 4 2 4 16 
128 4 128 512 256 2 128 4 128 4 4 128 2 64 512 8 1024 32 1024 4 
2 0 2 4 64 128 2 2 4 256 4 512 512 0 4 8 64 64 4 2 
8 0 64 0 2 2 4 4 128 8 16 16 0 0 0 64 0 128 512 0 
0 0 256 0 0 512 0 0 512 0 0 2 0 0 0 0 0 512 16 0 
0 0 0 0 0 0 0 0 2 0 0 0 0 0 0 0 0 2 0 0 
0 0 0 0 0 0 0 0 4 0 0 0 0 0 0 0 0 512 0 0 
0 0 0 0 0 0 0 0 0 0 0 0 0 0 0 0 0 0 0 0 
0 0 0 0 0 0 0 0 0 0 0 0 0 0 0 0 0 0 0 0 
0 0 0 0 0 0 0 0 0 0 0 0 0 0 0 0 0 0 0 0 
Case #66: 
512 2 256 8 2 4 8 2 1024 4 4 128 128 1024 4 512 64 128 16 2 
4 1024 2 4 512 16 128 16 4 1024 8 4 4 32 1024 4 32 2 4 4 
32 1024 128 8 8 512 8 256 64 16 64 2048 64 8 64 16 8 4 256 2 
256 256 8 4 128 8 128 128 4 4 256 2 2 2 2 512 64 2 32 128 
2 32 4 512 2 1024 4 256 2 2 4 4 8 8 512 256 8 1024 16 4 
64 8 8 4 32 64 4 4 16 4 2 4 256 2 8 4 2 8 8 1024 
16 4 16 256 8 4 64 1024 4 16 256 2 2 4 4 512 8 4 512 8 
1024 4 64 2 2 2 1024 128 4 256 4 8 16 512 512 4 4 4 32 4 
8 1024 8 64 512 8 8 8 64 2 16 16 2 4 2 32 4 4 4 8 
2 2 4 2 8 64 4 2 2 4 4 512 4 64 128 8 32 4 16 4 
8 256 0 1024 4 2 16 16 4 8 2 4 2 2 2 2 512 64 1024 512 
2 0 0 4 0 8 2 4 8 2 0 32 1024 4 512 32 2048 2 2 0 
256 0 0 2 0 16 8 1024 4 1024 0 0 4 2 16 4 128 8 32 0 
256 0 0 4 0 8 0 0 0 4 0 0 0 128 8 1024 512 64 0 0 
0 0 0 256 0 8 0 0 0 0 0 0 0 8 0 2 128 0 0 0 
0 0 0 0 0 32 0 0 0 0 0 0 0 16 0 4 0 0 0 0 
0 0 0 0 0 0 0 0 0 0 0 0 0 64 0 0 0 0 0 0 
0 0 0 0 0 0 0 0 0 0 0 0 0 0 0 0 0 0 0 0 
0 0 0 0 0 0 0 0 0 0 0 0 0 0 0 0 0 0 0 0 
0 0 0 0 0 0 0 0 0 0 0 0 0 0 0 0 0 0 0 0 
Case #67: 
0 0 0 0 0 0 0 0 0 0 0 0 0 0 0 0 0 0 0 0 
0 0 0 0 0 0 0 0 0 0 0 0 0 0 0 0 0 0 0 0 
0 0 0 0 0 0 0 0 0 0 0 0 0 0 0 0 0 0 0 0 
0 0 0 0 0 0 0 0 0 0 0 0 0 0 0 0 0 0 0 0 
0 2 16 0 0 8 0 4 0 0 0 0 0 0 0 0 0 0 0 0 
2 32 512 2 0 4 0 16 8 0 2 1024 0 32 256 0 0 2 0 0 
256 4 4 4 0 256 0 2 128 0 32 4 0 2 4 2 32 64 0 0 
2 1024 8 4 0 128 16 512 512 64 2 2 0 64 256 256 2 2 32 0 
64 4 128 4 256 4 32 256 4 2 32 64 2 2 4 2 4 8 2 2 
16 512 64 1024 4 2 4 1024 2 256 512 2 64 4 512 32 256 2 256 256 
128 128 256 128 128 256 2 4 64 4 128 8 32 64 64 4 2 256 8 2 
32 4 8 256 2 2 512 512 256 4 2 16 16 32 2 256 64 128 512 512 
2 64 512 1024 8 4 4 2 64 256 256 32 128 4 32 512 16 32 128 8 
256 512 4 64 256 512 64 4 16 4 128 64 512 1024 8 32 256 4 4 8 
4 8 2 4 32 32 2 256 4 128 8 4 1024 2 8 256 64 1024 8 4 
8 2 16 2 64 64 64 4 1024 8 2 2 2048 128 4 4 512 4 64 4 
4 64 8 4 16 16 8 512 512 2 4 1024 128 64 1024 128 128 1024 2 4 
4 4 32 32 4 8 128 4 256 256 32 128 256 4 2 16 512 4 8 256 
32 4 16 2 8 2 4 512 32 4 4 2 8 256 1024 4 16 4 8 4 
512 32 2 8 256 512 4 2 4 16 64 32 2 2 2 8 4 2 2 32 
Case #68: 
4 8 16 1024 64 4 4 8 512 256 4 0 0 0 0 0 0 0 0 0 
2 4 2 1024 2 256 128 2 16 32 8 128 4 1024 0 0 0 0 0 0 
2 16 2 16 2 16 4 16 8 256 4 64 512 4 2 1024 0 0 0 0 
2 8 2 256 4 512 256 2 64 1024 4 4 128 1024 512 4 16 0 0 0 
2 4 64 32 4 2 4 512 32 512 256 32 4 2 0 0 0 0 0 0 
2 32 16 512 8 256 4 128 2 8 256 128 8 0 0 0 0 0 0 0 
16 512 64 2 512 32 4 2 1024 4 1024 64 8 0 0 0 0 0 0 0 
256 2 1024 256 8 2 256 2 128 8 4 0 0 0 0 0 0 0 0 0 
512 2 4 128 2 16 512 256 8 8 4 4 32 0 0 0 0 0 0 0 
2 4 512 64 4 4 16 4 256 4 32 2 512 64 0 0 0 0 0 0 
4 256 8 4 2 64 8 4 1024 8 2 0 0 0 0 0 0 0 0 0 
8 4 4 2 512 256 1024 2 8 2 64 4 2 8 1024 4 0 0 0 0 
2 512 8 1024 16 8 2 512 4 1024 4 2048 0 0 0 0 0 0 0 0 
16 2 1024 64 2 8 64 16 2 1024 8 4 512 4 2 0 0 0 0 0 
2 4 64 4 4 2 4 4 8 8 256 0 0 0 0 0 0 0 0 0 
256 2 4 256 2 256 64 2 8 4 8 8 4 256 0 0 0 0 0 0 
256 1024 4 1024 512 2 32 4 32 4 1024 128 32 4 0 0 0 0 0 0 
16 2 128 16 512 256 1024 32 8 256 2 512 128 0 0 0 0 0 0 0 
64 4 32 4 2 256 64 16 8 64 4 1024 8 512 4 0 0 0 0 0 
128 256 32 2 1024 8 256 16 2 4 2 32 128 4 32 4 512 0 0 0 
Case #69: 
8 32 16 8 32 512 8 2 512 8 1024 4 8 2 1024 4 4 4 4 16 
2 4 32 128 2 2 2 1024 2 256 8 1024 2 4 512 512 2 4 128 4 
8 1024 2 4 64 4 4 32 128 2 4 2 128 2 8 256 128 4 8 2 
512 4 16 256 8 32 2 2 1024 1024 2 32 32 32 4 16 2 64 256 8 
4 128 2 2 4 16 8 16 4 64 16 256 256 2 2 4 8 1024 4 1024 
32 2 4 64 2 2 2 4 512 128 4 512 512 4 1024 2 16 128 4 256 
256 4 2 32 1024 4 64 8 4 8 512 2 128 128 4 256 256 8 8 512 
16 32 512 4 16 32 1024 4 128 4 4 1024 64 4 2 32 2 4 256 2 
4 8 1024 1024 4 128 2 1024 4 2 2 4 16 4 16 8 256 2 16 256 
256 2048 32 2 128 16 1024 4 2 1024 1024 64 4 4 8 4 1024 16 512 8 
2 4 4 256 8 8 512 64 1024 32 32 4 128 128 2 2 4 2 4 256 
256 512 32 2 4 4 4 4 4 4 4 8 4 2 512 256 0 4 8 4 
1024 4 8 512 32 4 1024 0 64 128 2048 32 64 128 2048 16 0 16 512 64 
0 512 4 16 64 0 32 0 8 64 0 2 1024 16 0 0 0 256 256 8 
0 0 1024 0 32 0 0 0 2 32 0 16 4 0 0 0 0 512 2 0 
0 0 0 0 0 0 0 0 8 4 0 4 0 0 0 0 0 2 0 0 
0 0 0 0 0 0 0 0 0 0 0 128 0 0 0 0 0 4 0 0 
0 0 0 0 0 0 0 0 0 0 0 0 0 0 0 0 0 0 0 0 
0 0 0 0 0 0 0 0 0 0 0 0 0 0 0 0 0 0 0 0 
0 0 0 0 0 0 0 0 0 0 0 0 0 0 0 0 0 0 0 0 
Case #70: 
0 0 0 4 2 8 128 512 4 128 4 2 1024 128 64 16 1024 256 2 8 
0 0 0 0 0 0 0 4 2 64 1024 128 256 4 64 256 2 4 256 1024 
0 0 0 0 2 4 8 4 64 16 2 4 2 4 32 256 4 2 128 32 
0 0 0 16 256 512 64 2 8 4 256 4 2 256 64 4 2 4 256 2 
0 0 0 0 0 0 0 64 1024 4 64 4 256 8 64 1024 2 4 512 16 
0 0 0 0 0 0 0 0 512 2 8 2 4 8 256 2 8 2 8 4 
0 0 0 0 0 0 8 32 4 512 4 128 64 256 128 256 4 2 8 2 
0 0 0 0 0 64 4 1024 2 4 16 4 1024 4 8 128 64 8 1024 4 
0 0 0 0 0 0 2 64 512 4 1024 4 32 2 4 512 4 4 32 16 
0 0 0 0 0 0 128 1024 32 16 4 256 4 512 32 256 2 128 256 64 
0 0 0 0 8 256 2 8 512 256 4 1024 2 4 512 32 4 256 4 2 
0 0 0 0 0 0 0 0 0 2 64 32 4 16 2 4 8 4 512 128 
0 0 0 0 0 0 128 4 1024 16 512 4 256 4 256 128 2 4 128 2 
0 0 0 0 0 0 0 2 4 2 128 2 16 2 4 256 2 4 512 2 
0 0 0 0 0 0 4 512 4 2 32 4 8 16 128 2 64 2 4 2 
0 0 0 0 0 0 2 256 8 4 1024 2 16 512 2 32 256 32 1024 4 
0 0 0 0 0 0 128 4 2048 8 256 2 4 32 512 2 1024 4 64 512 
0 0 0 0 0 64 2 4 1024 4 16 32 2 1024 64 8 64 512 64 32 
0 0 0 0 0 0 0 0 2 32 2 32 64 32 4 2 4 8 2 256 
0 0 0 0 0 0 4 128 8 4 512 64 2 256 4 16 4 2 1024 2 
Case #71: 
256 2 16 8 32 16 2 512 32 512 4 32 4 512 0 0 0 0 0 0 
256 32 256 32 4 64 4 8 64 512 64 512 1024 2 0 0 0 0 0 0 
32 256 8 4 2 4 8 64 256 4 4 4 2 0 0 0 0 0 0 0 
4 256 4 4 8 4 1024 4 2 128 16 32 4 16 0 0 0 0 0 0 
2 8 2 32 2 16 4 512 2 4 64 4 128 256 0 0 0 0 0 0 
64 4 2 128 256 4 32 2 1024 128 4 32 1024 64 128 1024 0 0 0 0 
4 8 2 64 256 8 8 16 8 32 512 4 512 512 4 0 0 0 0 0 
256 32 1024 128 4 2 4 2 4 2 8 32 4 2 16 512 0 0 0 0 
2 8 2 256 8 32 4 16 4 2 1024 16 512 0 0 0 0 0 0 0 
32 64 256 128 512 4 2048 8 64 2048 64 8 2 0 0 0 0 0 0 0 
4 16 64 256 512 4 1024 4 2 4 512 256 4 512 2 4 0 0 0 0 
256 4 8 256 2 1024 256 64 256 32 16 64 2 32 8 0 0 0 0 0 
2 32 512 256 2 4 8 64 4 512 32 128 2 1024 2 8 2 0 0 0 
8 4 512 8 256 2 256 1024 4 2 4 8 256 4 2 0 0 0 0 0 
4 16 64 256 2 1024 4 32 2 1024 4 2 1024 0 0 0 0 0 0 0 
128 2048 8 2 4 512 32 2 16 4 512 2 512 4 128 0 0 0 0 0 
4 2 64 4 2 256 1024 128 8 1024 256 4 2 64 0 0 0 0 0 0 
4 1024 4 32 512 8 512 256 64 128 32 128 2 32 0 0 0 0 0 0 
1024 8 4 4 2 128 32 4 4 64 256 2 512 0 0 0 0 0 0 0 
1024 8 256 4 512 16 4 128 4 512 4 64 4 8 0 0 0 0 0 0 
Case #72: 
0 0 0 0 0 0 16 4 8 2 4 4 2 1024 64 512 1024 4 32 64 
0 0 0 0 0 0 64 2 16 4 16 64 8 64 4 16 4 512 8 4 
0 0 0 0 0 1024 4 2 4 2 4 8 32 8 4 16 256 128 8 2 
0 0 0 0 0 0 0 4 512 128 1024 8 16 4 2 8 256 8 2 256 
0 0 0 0 0 0 0 0 256 512 4 8 64 4 256 4 4 512 128 64 
0 0 0 0 0 0 0 0 0 512 512 8 2 16 512 16 4 32 16 4 
0 0 0 0 0 0 2 4 32 8 1024 512 4 2 8 4 4 128 4 32 
0 0 0 0 0 0 0 0 0 0 8 4 64 128 4 2 16 4 32 1024 
0 0 0 0 0 0 0 0 16 2 4 4 8 2 1024 4 4 32 128 8 
0 0 0 0 0 2 32 512 2 512 16 4 32 512 4 2 32 16 32 2 
0 0 0 0 0 0 4 2 8 1024 64 4 2 1024 4 256 128 4 256 4 
0 0 0 0 0 2 512 2 1024 2 4 128 2 1024 8 128 8 2 16 4 
0 0 0 0 0 0 8 4 16 128 2 8 2 1024 64 4 64 1024 4 1024 
0 0 0 0 0 0 0 0 0 0 8 4 16 4 256 4 4 8 4 4 
0 0 32 16 2 1024 2 256 4 2 64 128 2 16 2 64 2 4 32 2 
0 0 0 0 0 0 0 0 0 4 32 4 8 2 4 8 256 2 16 512 
0 0 0 0 0 512 2 64 1024 512 128 16 1024 16 4 8 256 4 2 4 
0 0 0 0 4 64 256 4 64 256 512 4 512 4 2 4 2 4 256 1024 
0 0 0 0 0 0 0 128 256 1024 256 2 4 8 4 4 128 512 256 8 
0 0 0 0 0 4 64 2 4 4 512 8 2 4 4 32 16 512 4 64 
Case #73: 
4 8 4 256 2 16 1024 4 64 8 128 2 128 0 0 0 0 0 0 0 
4 4 64 2 4 128 512 4 2 256 32 2 32 4 128 0 0 0 0 0 
2 4 256 512 64 512 2 512 2 4 2 64 32 256 4 32 0 0 0 0 
8 4 2 64 32 4 2 256 2 32 8 256 8 64 1024 2 0 0 0 0 
512 4 128 32 2 8 512 4 4 256 16 2 8 4 0 0 0 0 0 0 
128 8 2 4 4 2 8 16 1024 128 2 0 0 0 0 0 0 0 0 0 
2 4 2 16 64 256 64 16 4 8 64 256 0 0 0 0 0 0 0 0 
128 2 4 2 8 128 2 1024 128 4 32 0 0 0 0 0 0 0 0 0 
8 4 16 4 4 128 512 2 128 64 128 4 2 16 64 2 128 0 0 0 
32 8 16 64 512 8 128 1024 512 4 16 128 4 512 0 0 0 0 0 0 
8 128 512 8 1024 512 2 1024 8 512 4 128 2 128 1024 0 0 0 0 0 
128 1024 512 4 2 64 256 2 4 32 1024 2 128 2 4 2048 0 0 0 0 
2 4 1024 256 4 32 2 4 32 64 512 64 0 0 0 0 0 0 0 0 
8 32 256 32 2 16 128 64 4 4 128 2 128 0 0 0 0 0 0 0 
4 2 256 4 1024 4 2 512 64 8 64 128 4 32 8 1024 0 0 0 0 
512 8 2 512 8 2 64 4 4 8 32 512 0 0 0 0 0 0 0 0 
2 8 16 4 1024 256 128 64 16 4 2 32 2 256 4 4 0 0 0 0 
16 1024 4 512 2 128 512 2 64 2 8 4 0 0 0 0 0 0 0 0 
8 2 128 32 4 2 1024 128 4 64 4 0 0 0 0 0 0 0 0 0 
8 2 128 4 4 2 8 4 16 1024 4 4 1024 2 128 0 0 0 0 0 
Case #74: 
256 8 4 2 32 2 2 8 4 2 4 16 2 16 4 2 2 1024 1024 32 
8 8 32 8 2048 8 4 32 2 128 8 128 128 512 128 8 8 8 4 8 
4 4 128 256 512 1024 16 128 256 512 4 2 16 2 8 512 32 1024 2048 256 
16 2 32 64 2 8 128 4 64 16 1024 4 4 512 1024 1024 256 512 1024 4 
64 128 4 8 4 128 1024 128 16 8 8 16 64 8 2 4 2 32 4 2 
4 2 2 4 2 8 2 1024 32 4 8 16 4 8 1024 8 8 512 1024 4 
32 4 64 16 512 512 32 128 2 128 128 16 32 512 64 2 4 8 4 32 
64 128 32 2 4 4 16 128 8 8 2 512 256 8 4 2048 16 4 32 8 
8 1024 4 8 16 4 4 4 4 32 128 2 2 16 4 1024 1024 2 16 8 
2 8 512 64 4 2 8 32 256 8 512 256 16 2 4 64 256 8 128 2 
4 2 4 32 16 512 32 2 4 32 32 512 8 64 128 32 32 256 64 256 
0 256 512 0 512 32 4 4 512 0 64 1024 256 1024 64 4 1024 2 2 4 
0 0 256 0 4 4 128 128 128 0 32 8 4 2 4 4 64 16 8 0 
0 0 0 0 8 0 2 0 0 0 0 4 8 8 2 2 16 4 0 0 
0 0 0 0 128 0 8 0 0 0 0 0 4 2 0 0 64 8 0 0 
0 0 0 0 512 0 0 0 0 0 0 0 0 0 0 0 0 2 0 0 
0 0 0 0 0 0 0 0 0 0 0 0 0 0 0 0 0 0 0 0 
0 0 0 0 0 0 0 0 0 0 0 0 0 0 0 0 0 0 0 0 
0 0 0 0 0 0 0 0 0 0 0 0 0 0 0 0 0 0 0 0 
0 0 0 0 0 0 0 0 0 0 0 0 0 0 0 0 0 0 0 0 
Case #75: 
2 32 4 2 16 2 4 4 128 2 512 16 1024 16 64 0 0 0 0 0 
4 4 512 256 2 4 16 2 512 4 16 16 4 0 0 0 0 0 0 0 
8 4 8 1024 4 8 8 32 0 0 0 0 0 0 0 0 0 0 0 0 
8 32 128 64 512 4 2 4 4 8 1024 4 0 0 0 0 0 0 0 0 
4 4 256 2 8 128 8 8 4 1024 256 0 0 0 0 0 0 0 0 0 
32 512 2 256 4 64 512 4 128 32 256 64 2 4 0 0 0 0 0 0 
32 4 32 256 4 256 8 4 64 8 0 0 0 0 0 0 0 0 0 0 
4 16 1024 8 128 4 256 128 64 4 64 256 4 256 128 0 0 0 0 0 
128 4 128 8 64 16 2 8 512 8 256 4 64 0 0 0 0 0 0 0 
512 2 1024 32 16 512 2 1024 4 64 2 4 64 128 4 512 16 4 0 0 
4 2 1024 128 64 4 2 16 128 4 2 512 8 8 256 4 0 0 0 0 
32 512 16 8 4 2 8 4 1024 4 2 256 4 2 4 16 4 512 0 0 
2 8 128 4 2 512 8 32 1024 2 1024 256 4 8 32 0 0 0 0 0 
2 4 512 512 32 8 4 32 4 8 4 256 8 8 2 0 0 0 0 0 
4 2 16 256 4 8 1024 4 256 4 1024 4 4 128 4 0 0 0 0 0 
4 1024 4 1024 4 256 4 8 128 4 2 0 0 0 0 0 0 0 0 0 
512 1024 128 4 64 512 128 32 8 2 256 8 32 4 32 4 0 0 0 0 
256 2 4 2 128 256 128 512 4 4 512 128 2 64 0 0 0 0 0 0 
256 16 1024 32 128 512 2 8 8 512 8 0 0 0 0 0 0 0 0 0 
4 2 8 256 64 4 2 1024 4 0 0 0 0 0 0 0 0 0 0 0 
Case #76: 
256 8 2 4 16 4 512 256 4 8 4 4 8 4 64 4 0 0 0 0 
2 32 128 1024 4 16 2 32 4 256 2 4 16 8 512 1024 0 0 0 0 
2 1024 256 1024 16 8 32 128 4 2 8 16 8 4 512 0 0 0 0 0 
4 512 4 2 128 4 4 4 2 8 16 4 64 4 0 0 0 0 0 0 
32 4 2 256 1024 2 64 8 32 2 512 512 64 4 0 0 0 0 0 0 
4 4 1024 128 1024 128 64 16 4 2 8 64 1024 4 0 0 0 0 0 0 
512 64 16 8 32 8 2 16 2 8 64 2 16 2 0 0 0 0 0 0 
256 2 4 32 1024 128 8 2 16 8 4 128 2 256 16 4 0 0 0 0 
128 4 32 64 4 128 16 2 64 4 16 4 2 1024 4 16 0 0 0 0 
2 8 64 32 4 128 4 8 4 32 1024 2 4 1024 2 128 4 0 0 0 
2 4 2 256 4 2 4 1024 128 64 8 4 2 4 256 32 4 0 0 0 
16 32 8 64 16 32 8 1024 4 2 0 0 0 0 0 0 0 0 0 0 
4 2 4 4 4 256 8 2 4 2 64 16 4 2 8 0 0 0 0 0 
256 2 512 8 4 16 8 1024 4 256 1024 32 2 4 0 0 0 0 0 0 
512 256 4 2 128 8 8 256 32 4 4 256 16 0 0 0 0 0 0 0 
8 2 4 2 8 2 128 64 1024 8 4 256 2 32 0 0 0 0 0 0 
64 4 512 1024 4 512 8 16 8 4 128 2 64 4 0 0 0 0 0 0 
2 8 4 4 8 32 512 16 32 64 4 0 0 0 0 0 0 0 0 0 
1024 256 512 16 4 16 64 2 4 1024 128 4 128 2 512 128 0 0 0 0 
4 128 2 8 2 64 16 512 64 2 16 32 16 4 2 4 0 0 0 0 
Case #77: 
0 0 0 0 0 1024 16 8 256 512 64 4 64 128 4 64 1024 512 1024 512 
0 0 0 0 0 0 4 2 16 8 64 4 4 256 8 16 4 4 8 4 
0 0 0 0 0 0 2 512 256 512 1024 128 32 256 32 2 4 4 1024 4 
0 0 0 0 0 0 0 4 4 256 32 2 8 4 32 128 8 16 2 16 
0 0 0 0 16 8 16 256 32 512 2 16 4 2 8 256 2 256 8 4 
0 0 0 0 0 128 8 2 256 4 8 4 8 2 4 32 2 8 16 64 
0 0 0 0 0 2 16 4 4 1024 8 16 128 4 4 8 4 8 8 32 
0 0 0 0 2 4 256 4 2 4 256 8 4 2 256 4 4 8 256 4 
0 0 4 16 2 16 2 4 2 32 2 8 16 32 2 1024 512 8 2 256 
0 0 0 0 2 8 4 64 4 1024 2 32 8 4 2 4 256 32 256 4 
0 0 0 0 1024 1024 8 8 4 2 16 32 2 16 32 2 4 8 4 2048 
0 0 0 0 0 0 0 16 8 256 2 8 512 64 4 2 32 1024 128 256 
0 0 0 0 0 0 0 2 128 2 4 4 8 512 8 128 2 128 2 16 
0 0 0 0 1024 128 4 2 4 2 256 2 128 32 4 512 4 32 64 16 
0 0 0 0 4 64 4 2 64 1024 512 8 4 2 512 2 4 8 4 4 
0 0 0 0 0 0 8 4 8 1024 4 512 2 32 4 8 16 2 16 4 
0 0 0 0 0 8 256 64 2 64 1024 4 2 1024 16 4 4 128 4 16 
0 0 0 0 0 0 0 0 0 0 8 8 64 4 8 256 4 2 32 2 
0 0 0 0 0 4 256 8 64 128 2 4 2 64 4 4 8 4 8 128 
0 0 0 0 0 0 0 32 2 64 8 4 64 4 2 4 8 512 4 2 
Case #78: 
4 8 4 2 4 32 32 4 16 64 4 4 0 0 0 0 0 0 0 0 
16 8 64 4 4 4 2 8 4 32 512 8 8 512 0 0 0 0 0 0 
16 1024 2 16 2 8 16 2 8 256 4 64 2 4 64 4 0 0 0 0 
4 32 256 2 64 2 512 2 64 4 512 256 128 1024 64 8 0 0 0 0 
1024 2 4 1024 2 4 2 256 512 4 2 4 2 8 32 4 0 0 0 0 
4 128 32 8 256 4 4 512 4 64 1024 4 64 512 4 0 0 0 0 0 
2 8 128 32 2 4 2 16 4 1024 2 4 32 128 0 0 0 0 0 0 
4 2 8 4 16 2 1024 4 64 128 8 16 64 0 0 0 0 0 0 0 
1024 64 512 2 256 4 64 512 4 8 512 2048 4 0 0 0 0 0 0 0 
4 4 4 4 128 4 256 4 16 4 32 0 0 0 0 0 0 0 0 0 
8 256 4 2 256 8 1024 16 64 32 4 256 8 4 8 2 0 0 0 0 
4 16 128 2 4 2 32 4 512 1024 2 16 4 256 8 0 0 0 0 0 
2 4 16 4 4 8 32 128 64 1024 512 16 8 512 64 0 0 0 0 0 
8 256 2 4 32 4 512 8 16 32 2 0 0 0 0 0 0 0 0 0 
8 512 128 4 32 4 16 4 1024 128 2 256 16 8 4 0 0 0 0 0 
128 4 256 512 8 128 4 4 32 2 8 1024 64 4 0 0 0 0 0 0 
512 32 8 4 64 16 2 256 64 2 16 64 8 4 0 0 0 0 0 0 
64 2 64 4 512 2 128 2 64 16 2 4 8 32 4 0 0 0 0 0 
1024 256 8 2 512 64 2 4 8 128 8 16 4 32 256 16 0 0 0 0 
2 4 16 128 4 1024 2 256 64 256 2 4 2 1024 64 4 256 0 0 0 
Case #79: 
0 0 0 0 0 0 0 0 0 0 0 0 0 0 0 0 0 0 0 0 
0 0 0 0 0 0 0 0 0 0 0 0 0 0 0 0 0 0 0 0 
0 0 0 0 0 0 0 0 0 0 0 0 0 0 0 0 0 0 0 0 
0 0 0 0 0 0 0 0 0 0 0 0 16 0 0 0 0 0 0 4 
0 0 256 0 0 0 0 0 0 0 0 0 256 0 0 0 0 0 0 4 
0 2 2 0 0 0 0 0 0 0 0 0 1024 0 0 0 0 0 0 8 
2 8 4 0 0 0 0 0 0 0 0 0 2 0 0 0 0 4 0 2 
4 2 8 0 128 0 0 0 0 0 0 0 4 4 0 0 0 2 0 8 
8 128 2 0 4 2 4 0 0 8 0 4 4 32 0 2 2 8 4 4 
512 4 4 0 2 8 2 0 0 2 128 1024 16 4 32 1024 4 2 16 8 
2 2 2 0 32 128 32 0 8 4 4 4 2 256 4 16 16 4 4 64 
128 4 4 2 16 2 2 4 2 4 32 4 4 2 512 4 4 2 4 4 
2 256 2 4 4 4 4 16 1024 4 128 4 1024 4 4 4 8 1024 4 2 
4 2 4 8 4 64 4 4 4 2 4 4 8 8 2 4 4 2 4 4 
4 8 16 8 4 2 32 512 8 4 4 32 2 4 4 128 4 128 4 256 
1024 4 1024 4 8 4 8 4 4 512 8 2 128 2 4 4 4 2 2 2 
4 8 8 4 4 2 64 16 8 32 2 4 2 4 8 4 2 4 1024 4 
2 1024 2 8 16 4 4 4 8 2 4 4 4 4 8 2 1024 4 4 256 
16 512 4 8 2 2 2 4 2 4 16 4 2 1024 4 4 256 2 4 2 
1024 2 32 256 8 4 4 8 4 4 2 8 128 8 4 8 2 4 8 4 
Case #80: 
4 4 4 64 4 2 1024 2 1024 32 2 4 0 0 0 0 0 0 0 0 
4 128 8 2 512 4 64 4 8 4 128 8 2 4 0 0 0 0 0 0 
8 8 4 512 8 2 32 512 4 4 2 1024 2 0 0 0 0 0 0 0 
4 4 2 4 2 8 4 64 4 4 0 0 0 0 0 0 0 0 0 0 
4 2 256 32 16 8 4 4 32 8 2 32 2 4 0 0 0 0 0 0 
4 32 4 2 8 1024 4 2 8 4 4 2 0 0 0 0 0 0 0 0 
16 4 16 4 2 4 4 2 32 2 128 2 4 1024 0 0 0 0 0 0 
4 2 64 512 8 4 8 8 16 4 32 2 0 0 0 0 0 0 0 0 
8 4 32 128 4 2 4 8 16 4 64 16 512 128 0 0 0 0 0 0 
8 2 4 4 4 4 16 64 4 8 2 0 0 0 0 0 0 0 0 0 
64 16 2 4 512 16 8 2 4 2 4 2 128 4 2 64 4 2 0 0 
8 4 8 8 8 4 16 2 8 16 2 4 0 0 0 0 0 0 0 0 
4 4 2 4 2 16 4 64 4 1024 4 0 0 0 0 0 0 0 0 0 
2 4 512 64 8 1024 8 4 1024 2 4 128 4 0 0 0 0 0 0 0 
8 8 4 2 4 4 8 4 4 2 8 4 2 0 0 0 0 0 0 0 
2 8 8 4 2 4 2 4 2 4 2 64 0 0 0 0 0 0 0 0 
64 256 2 8 8 4 128 4 4 128 4 256 128 0 0 0 0 0 0 0 
2 512 4 4 2 4 4 64 2 4 4 0 0 0 0 0 0 0 0 0 
128 8 4 4 32 8 4 2 4 256 8 64 0 0 0 0 0 0 0 0 
4 2 16 4 128 2 8 2 4 4 2 4 0 0 0 0 0 0 0 0 
Case #81: 
0 0 0 0 0 0 0 0 0 0 0 0 0 0 0 0 0 0 0 0 
0 0 0 0 0 0 0 0 0 0 0 0 0 0 0 0 0 0 0 0 
0 0 0 0 0 0 0 0 0 0 0 0 0 0 0 0 0 0 0 0 
0 0 0 0 0 0 0 0 0 0 0 0 0 0 0 0 0 0 0 0 
0 0 0 0 0 0 0 0 0 0 0 0 0 0 0 0 0 0 0 0 
0 0 0 0 128 0 0 0 0 0 0 0 0 0 0 0 0 0 0 0 
2 4 2 0 4 16 0 0 0 0 0 0 0 0 4 0 2 2 4 0 
4 2 256 0 2 2 0 0 0 0 0 2 0 0 64 0 8 4 2 0 
2 8 512 0 4 4 0 0 4 4 0 4 4 0 4 0 2 4 4 0 
4 32 4 2 4 2 0 0 2 4 0 4 2 4 2 2 128 8 2 4 
16 4 8 4 256 16 4 4 8 8 1024 4 32 8 16 4 4 4 8 8 
4 8 8 4 4 8 1024 128 8 128 2 8 4 4 8 16 4 4 8 2 
512 4 2 4 2 2 8 4 4 8 8 2 4 8 2 512 4 4 8 32 
8 256 4 8 256 256 4 4 4 2 2 8 4 2 4 1024 2 2 1024 4 
2 2 256 32 4 8 8 4 512 4 4 2 4 4 4 4 16 4 8 4 
16 4 8 1024 2 64 8 32 2 8 8 4 8 4 4 4 4 2 8 32 
1024 2 64 2 4 4 2 4 4 8 2 256 2 4 4 8 256 8 2 4 
2 4 1024 4 1024 2 128 2 8 64 4 4 1024 8 4 8 2 2 4 4 
4 16 2 256 4 8 4 8 2 4 32 4 2 8 4 256 512 8 1024 256 
2 8 1024 2 2 2 512 4 4 2 2 4 4 4 2 2 2 2 256 4 
Case #82: 
0 0 0 0 4 16 2 4 2 16 4 8 128 4 2 4 4 1024 2 4 
0 0 0 0 0 0 0 0 4 8 64 4 128 2 256 128 2 4 8 2 
0 0 0 0 0 0 0 2 4 8 32 4 8 2 8 128 4 4 32 4 
0 0 0 0 0 0 128 4 8 64 4 64 8 8 128 2 4 4 2 4 
0 0 0 0 0 0 0 4 128 8 8 2 4 32 4 4 4 2 64 16 
0 0 0 0 0 0 0 0 4 8 2 1024 4 2 32 512 2 4 8 8 
0 0 0 0 0 2 4 4 256 4 2 8 8 512 8 32 16 2 1024 2 
0 0 0 0 0 0 0 0 4 4 2 4 2 4 256 8 4 4 8 16 
0 0 0 0 0 0 0 0 0 8 32 2 8 2 4 2 4 2 8 8 
0 0 0 0 0 0 0 0 2 4 2 64 16 4 8 2 8 2 8 8 
0 0 0 0 0 0 0 0 0 0 0 4 4 32 4 4 2 4 4 32 
0 0 0 0 0 0 0 0 0 0 0 4 128 2 1024 128 512 2 2048 4 
0 0 0 0 0 0 0 0 4 512 2 4 4 8 4 8 16 4 1024 4 
0 0 0 0 0 0 0 0 2 4 64 2 4 4 8 2 4 64 16 4 
0 0 0 0 0 0 0 0 0 0 8 2 16 2 32 4 4 512 4 32 
0 0 0 0 0 0 0 256 2 1024 2 4 8 2 128 4 2 4 2 4 
0 0 0 0 0 1024 4 16 8 128 8 2 1024 8 2 4 2 256 8 2 
0 0 0 0 0 0 4 4 4 256 2 128 512 2 64 2 4 4 2 4 
0 0 0 0 0 0 0 0 2 8 2 32 2 4 2 4 2 4 8 4 
0 0 8 2 4 16 4 256 4 16 64 2 4 2 4 32 2 4 2 4 
Case #83: 
0 0 0 0 0 0 0 2 4 2 4 4 2 4 2 4 8 16 2 4 
0 0 0 0 0 0 2 4 2 64 2 64 2 8 2 4 64 4 2 64 
0 0 0 0 0 0 0 2 4 2 4 64 2 4 256 8 2 4 4 8 
0 0 0 0 0 0 4 512 2 4 8 8 8 2 32 1024 2 4 4 4 
0 0 0 0 0 0 0 8 256 2 4 8 256 4 32 2 32 2 8 4 
0 0 0 0 0 0 0 2 4 2 8 1024 2 4 64 2 256 4 4 4 
0 0 0 0 0 0 0 4 2 4 4 8 4 1024 512 4 256 64 2 64 
0 0 0 0 0 0 0 0 4 4 4 4 8 2 4 4 256 4 8 2 
0 0 0 0 0 0 0 512 8 2 4 2 256 2 64 4 2 4 4 4 
0 0 0 0 0 0 4 512 4 4 4 8 2 4 4 32 4 2 8 64 
0 0 0 0 0 0 0 2 4 1024 8 4 4 128 4 2 4 4 512 8 
0 0 0 0 0 0 0 0 4 2 8 4 256 2 512 4 2 8 1024 8 
0 0 0 0 0 0 0 0 32 4 4 2 4 16 2 4 4 8 4 4 
0 0 0 0 0 0 0 4 4 4 4 2 4 2 4 32 4 4 256 4 
0 0 0 0 0 0 0 0 0 256 4 8 8 4 4 4 4 2 4 2 
0 0 0 0 0 0 0 0 4 2 4 64 256 4 128 4 4 8 2 4 
0 0 0 0 0 0 0 4 8 2 1024 256 2 8 2 32 4 4 4 4 
0 0 0 0 0 0 0 2 4 2 512 128 2 1024 2 256 8 2 4 256 
0 0 0 0 0 0 0 0 0 4 2 64 2 4 8 2 512 2 4 64 
0 0 0 0 0 0 0 4 4 4 8 4 512 2 4 8 2 4 128 8 
Case #84: 
2 4 512 4 8 8 8 8 4 8 2 4 128 2 8 256 128 4 8 8 
4 8 2 2 8 8 4 128 256 2 1024 4 4 4 2 8 2 2 8 2 
4 2 4 4 8 512 2 1024 2 8 4 2 1024 4 4 8 16 8 8 8 
2 8 256 2 8 8 512 32 8 4 4 1024 4 8 2 8 128 4 4 2 
4 512 4 16 2 4 4 4 8 8 2 2 4 2 8 4 8 512 8 8 
2 8 4 2 8 4 4 256 16 2 16 8 4 4 4 512 2 2 4 4 
8 4 2 4 2 1024 4 4 4 8 2 2 8 2 2 4 4 4 64 2 
4 1024 256 2 4 2 8 2 4 2 8 128 1024 4 64 4 2 32 4 4 
2 4 2 4 2 8 1024 8 4 0 4 2 4 4 8 8 4 2 8 2 
32 2 1024 4 4 8 4 16 4 0 2 8 8 2 0 0 32 4 8 8 
8 8 2 2 0 4 2 1024 4 0 4 0 2 4 0 0 4 2 4 2 
2 0 4 8 0 0 32 4 0 0 512 0 4 4 0 0 4 4 0 256 
8 0 2 0 0 0 512 2 0 0 2 0 0 2 0 0 4 2 0 0 
4 0 0 0 0 0 0 4 0 0 0 0 0 0 0 0 2 4 0 0 
2 0 0 0 0 0 0 256 0 0 0 0 0 0 0 0 0 2048 0 0 
0 0 0 0 0 0 0 0 0 0 0 0 0 0 0 0 0 2 0 0 
0 0 0 0 0 0 0 0 0 0 0 0 0 0 0 0 0 0 0 0 
0 0 0 0 0 0 0 0 0 0 0 0 0 0 0 0 0 0 0 0 
0 0 0 0 0 0 0 0 0 0 0 0 0 0 0 0 0 0 0 0 
0 0 0 0 0 0 0 0 0 0 0 0 0 0 0 0 0 0 0 0 
Case #85: 
0 0 0 0 0 4 32 8 4 32 2 16 4 64 4 2 64 4 8 8 
0 0 0 0 0 0 0 0 2 1024 4 8 4 4 128 2 4 4 2 4 
0 0 0 0 0 0 0 0 16 512 8 4 64 2 8 8 8 2 512 32 
0 0 0 0 0 0 0 0 4 256 4 128 32 4 8 4 4 8 8 8 
0 0 0 0 0 0 256 4 8 4 4 4 2 4 2 32 2 8 2 8 
0 0 0 0 0 0 0 0 4 4 2 4 2 256 4 1024 4 4 8 4 
0 0 0 0 0 0 0 4 512 2 128 512 4 4 8 8 256 4 4 4 
0 0 0 0 0 0 0 4 8 2 4 2 4 4 2 16 2 4 2 4 
0 0 0 0 0 0 0 0 0 16 32 8 2 8 8 32 2 8 8 2 
0 0 0 0 0 0 0 0 4 4 8 4 16 4 4 32 2 8 2 8 
0 0 0 0 0 0 0 0 0 4 2 4 8 4 4 8 4 4 2 8 
0 0 0 0 0 0 0 0 0 4 8 2 64 4 8 8 8 4 4 256 
0 0 0 0 0 0 0 4 512 128 2 4 2 4 2 256 2 4 8 2 
0 0 0 0 4 2 1024 128 2 512 128 4 1024 4 16 256 4 256 2 4 
0 0 0 0 0 0 0 0 4 4 8 8 2 4 8 4 4 1024 8 8 
0 0 0 0 0 4 16 2 4 128 512 4 2 4 128 16 4 2 4 4 
0 0 0 0 0 0 0 0 0 4 256 8 128 4 8 4 4 256 2 4 
0 0 0 0 0 0 0 0 0 0 128 64 8 256 2 4 8 512 2 4 
0 0 0 0 0 0 0 0 4 8 4 4 128 4 4 4 2 1024 64 4 
0 0 0 0 0 0 0 0 0 0 0 2 4 4 8 2 8 4 8 32 
Case #86: 
0 0 0 0 0 0 0 0 0 4 2 8 8 4 128 2 4 32 4 4 
0 0 0 0 0 0 0 0 0 2 16 8 2 4 16 8 2 4 4 4 
0 0 0 0 0 0 0 0 0 0 0 0 16 4 4 4 8 4 4 4 
0 0 0 0 0 256 4 4 8 2 8 4 32 4 2 4 16 2 4 8 
0 0 0 0 0 0 0 4 2 256 2 4 2 8 2 16 4 2 4 4 
0 0 0 0 0 0 0 0 2 8 16 64 2 4 2 4 8 8 2 4 
0 0 0 0 0 2 4 2 4 4 4 4 2 4 2 4 32 2 4 8 
0 0 0 0 0 0 0 0 4 2 4 8 1024 2 4 4 8 2 8 512 
0 0 0 0 0 0 0 0 0 4 1024 64 4 8 64 2 4 2 4 4 
0 0 0 0 0 0 2 4 1024 4 8 2 4 2 16 8 2 16 4 2 
0 0 0 0 0 0 0 0 0 4 16 8 512 64 2 4 128 8 2 4 
0 0 0 0 0 0 0 0 0 0 4 4 4 4 4 128 4 2 512 4 
0 0 0 0 0 0 0 2 64 2 128 4 8 8 2 8 2 128 4 256 
0 0 0 0 0 0 2 4 1024 2 4 64 4 256 4 2 4 4 8 2 
0 0 0 0 0 0 0 0 0 0 0 0 0 4 8 2 64 2 8 4 
0 0 0 0 0 0 0 0 0 4 128 4 2 4 8 2 4 2 4 8 
0 0 0 0 0 0 4 8 2 32 1024 8 8 2 8 256 2 4 8 4 
0 0 0 0 0 0 0 0 0 16 2 64 2 8 8 2 4 4 2 32 
0 0 0 0 0 0 0 0 4 2 4 2 4 1024 4 8 4 64 8 512 
0 0 0 0 0 0 0 0 0 1024 4 4 4 4 16 4 2 4 8 8 
Case #87: 
8 2 8 8 4 4 8 2 4 32 512 8 8 2 32 128 4 4 2 64 
8 8 128 128 4 2 2 8 64 4 4 8 4 8 2 8 2 16 8 4 
256 2 4 8 4 4 8 1024 2 2 4 2 256 4 4 2 256 4 128 4 
4 4 512 8 16 4 4 4 4 8 4 4 4 512 2 4 4 4 4 4 
4 4 8 8 4 8 2 8 4 8 2 2 2 32 128 256 128 64 2 2 
2 4 4 2 4 16 4 4 4 4 4 32 512 2 16 8 4 2 8 8 
4 4 2 32 2 8 64 2 128 4 4 4 4 64 2 2 4 8 2 2 
0 4 4 64 32 512 4 1024 8 2 4 16 1024 8 4 4 8 2 4 8 
0 2 4 0 8 4 4 2 16 256 2 256 8 8 4 512 4 8 0 8 
0 64 4 0 2 2 4 8 2 8 512 4 4 4 2 8 4 128 0 2 
0 4 2 0 4 8 16 8 4 2 8 2 8 4 8 8 8 4 0 4 
0 2 8 0 0 8 0 0 2 4 2 8 4 0 256 4 0 4 0 4 
0 0 0 0 0 0 0 0 0 0 4 2 512 0 8 2 0 4 0 2 
0 0 0 0 0 0 0 0 0 0 0 1024 0 0 8 0 0 0 0 4 
0 0 0 0 0 0 0 0 0 0 0 0 0 0 0 0 0 0 0 0 
0 0 0 0 0 0 0 0 0 0 0 0 0 0 0 0 0 0 0 0 
0 0 0 0 0 0 0 0 0 0 0 0 0 0 0 0 0 0 0 0 
0 0 0 0 0 0 0 0 0 0 0 0 0 0 0 0 0 0 0 0 
0 0 0 0 0 0 0 0 0 0 0 0 0 0 0 0 0 0 0 0 
0 0 0 0 0 0 0 0 0 0 0 0 0 0 0 0 0 0 0 0 
Case #88: 
0 0 0 0 0 0 0 0 0 0 0 0 0 0 0 0 0 0 0 0 
0 0 0 0 0 0 0 0 0 0 0 0 0 0 0 0 0 0 0 0 
0 0 0 0 0 0 0 0 0 0 0 0 0 0 0 0 0 0 0 0 
0 0 8 0 0 0 0 0 0 0 0 0 0 0 0 0 0 0 0 0 
0 0 2 0 0 0 0 0 0 0 0 0 0 0 0 0 8 0 0 64 
0 0 512 0 2 0 0 0 0 0 0 0 0 16 0 0 16 0 0 4 
8 4 2 0 1024 0 4 0 0 0 0 0 0 4 0 0 2 0 0 4 
2 8 64 2 2 0 512 0 2 0 2 2 8 32 0 0 4 0 1024 4 
4 1024 4 256 4 0 4 0 8 4 4 4 2 256 0 8 256 0 256 512 
4 2 8 2 16 8 16 0 16 4 8 8 64 2 0 128 4 2 4 2 
32 8 2 4 2 8 4 8 128 8 8 4 8 4 4 4 8 4 4 512 
1024 8 8 1024 128 2 4 4 4 4 2 2 2 256 8 4 2 8 256 2 
4 2 2 512 8 64 16 4 2 64 16 4 8 4 4 8 4 8 4 4 
4 16 8 8 256 2 4 8 1024 4 4 2 2 256 4 8 2 16 4 512 
2 4 2 2 2 8 2 4 4 8 8 4 4 4 1024 8 4 1024 4 4 
4 2 4 8 4 32 4 4 2 4 2 2 2 2 4 4 4 8 8 2 
32 4 8 32 32 2 512 128 4 4 4 4 4 4 2 8 4 16 8 16 
4 4 2 2 4 4 4 4 16 4 64 4 4 2 4 2 16 8 1024 2 
4 8 64 64 4 8 16 4 4 4 2 2 4 4 64 4 2 4 8 4 
4 2 4 4 2 8 2 4 16 4 1024 4 8 8 1024 2 8 8 4 2 
Case #89: 
0 0 0 0 0 0 0 0 8 4 8 8 4 4 4 128 64 4 2 8 
0 0 0 0 0 4 8 2 4 2 4 4 2 4 128 2 8 8 2 4 
0 0 0 0 0 0 0 0 8 64 4 4 4 4 4 32 4 2 4 4 
0 0 0 0 0 0 0 2 4 64 2 32 2 8 2 1024 2 4 256 2 
0 0 0 0 0 0 0 0 8 2 4 2 8 128 4 512 2 4 1024 8 
0 0 0 0 0 0 0 4 32 4 256 128 4 2 4 4 8 512 8 2 
0 0 0 0 0 0 1024 8 4 4 512 2 1024 2 4 4 2 4 8 2 
0 0 0 0 0 0 0 0 0 0 4 4 4 8 2 8 2 4 256 2 
0 0 0 0 0 0 128 4 2 8 16 2 4 4 4 1024 4 2 4 1024 
0 0 0 0 0 0 0 0 0 8 2 4 2 8 8 32 4 4 4 4 
0 0 0 0 0 0 2 4 2 64 4 2 8 2 4 64 512 4 2 4 
0 0 0 0 0 8 8 4 4 2 16 4 2 4 8 1024 4 4 4 2 
0 0 0 0 0 0 0 4 4 2 128 2 4 8 2 4 1024 4 4 64 
0 0 0 0 0 0 0 0 8 2 32 4 2 512 16 2 8 4 1024 4 
0 0 0 0 0 0 0 0 0 0 8 8 4 4 4 4 1024 4 4 4 
0 0 0 0 0 0 0 0 0 512 16 8 2 4 4 2 4 4 8 4 
0 0 0 0 0 0 0 0 0 4 8 256 2 64 2 4 2 8 4 8 
0 0 0 0 0 0 0 4 8 2 256 2 4 8 64 4 2 4 512 2 
0 0 0 0 0 0 0 0 0 0 8 4 8 2 4 8 2 256 4 4 
0 0 0 0 0 0 0 0 4 4 64 4 8 16 4 1024 256 8 2 4 
Case #90: 
0 0 0 0 0 0 0 2 4 2 8 2 8 128 2 4 8 8 1024 4 
0 0 0 0 0 0 0 0 0 4 4 128 1024 128 4 1024 4 2 8 8 
0 0 0 0 0 0 4 8 1024 2 4 8 4 512 2 8 256 2 128 4 
0 0 0 0 0 0 0 2 8 32 2 8 2 4 8 16 8 256 8 4 
0 0 0 0 0 0 0 0 64 4 8 4 1024 2 128 2 8 8 8 2 
0 0 0 0 0 0 0 0 4 32 128 4 2 4 16 1024 4 4 2 8 
0 0 0 0 0 4 2 4 8 2 64 8 32 8 64 2 8 2 8 4 
0 0 0 0 0 0 0 0 1024 4 4 8 4 4 64 2 1024 4 2 8 
0 0 0 0 0 32 2 4 8 2 4 4 4 8 256 2 64 4 2 4 
0 0 0 0 0 0 0 0 0 4 4 4 8 2 4 8 8 512 2 32 
0 0 0 0 0 0 0 0 0 0 4 4 8 8 16 4 4 4 2 256 
0 0 0 0 0 0 0 2 8 16 2 512 16 4 512 32 2 4 4 2 
0 0 0 0 0 0 0 0 0 0 4 2 4 4 2 4 4 4 8 4 
0 0 0 0 0 0 0 0 0 4 512 8 4 4 4 4 8 32 64 8 
0 0 0 0 0 0 0 0 4 2 8 8 2 4 4 4 8 2 8 8 
0 0 0 0 0 0 0 0 0 0 4 4 4 4 4 2 512 2 4 2 
0 0 0 0 0 0 0 0 0 4 16 8 4 4 8 4 8 32 4 1024 
0 0 0 0 0 0 8 2 4 4 4 2 4 2 32 4 2 8 8 2 
0 0 0 0 0 0 4 4 8 2 4 2 4 2 64 2 4 8 4 4 
0 0 0 0 0 0 0 4 64 4 8 2 4 2 32 4 8 4 4 2 
Case #91: 
0 0 0 0 0 0 0 0 0 0 2 4 4 4 2 8 2 4 4 4 
0 0 0 0 0 0 0 0 0 0 0 0 128 8 4 8 16 8 4 256 
0 0 0 0 0 0 0 0 0 8 8 2 128 16 2 1024 8 4 2 8 
0 0 0 0 0 0 0 0 0 4 512 4 64 8 2 4 2 1024 8 4 
0 0 0 0 0 0 0 0 0 0 4 2 8 2 4 4 4 16 4 256 
0 0 0 0 0 0 0 4 16 4 32 2 256 1024 2 8 8 256 8 4 
0 0 0 0 0 0 0 0 0 0 2 4 2 8 2 4 8 2 4 8 
0 0 0 0 0 0 0 0 1024 2 4 2 32 2 128 4 2 4 8 8 
0 0 0 0 0 0 0 2 256 512 2 4 8 2 32 4 2 16 4 4 
0 0 0 0 0 2 8 2 4 1024 4 2 8 2 4 128 2 4 2 4 
0 0 0 0 0 0 0 0 0 0 4 4 64 4 1024 4 512 2 4 4 
0 0 0 0 0 0 4 8 2 4 2 16 4 256 4 8 128 2 8 16 
0 0 0 0 0 0 0 0 0 0 4 8 8 4 4 4 1024 4 2 64 
0 0 0 0 0 0 0 0 8 4 4 2 8 64 2 4 2 64 2 4 
0 0 0 0 0 0 0 4 2 128 2 4 16 1024 4 2 4 2 4 16 
0 0 0 0 0 0 0 0 32 2 4 4 2 8 2 8 4 8 64 128 
0 0 0 0 0 0 0 0 8 32 8 2 64 4 8 2 4 8 2 4 
0 0 0 0 0 0 0 32 2 256 2 512 4 4 4 256 2 128 2 8 
0 0 0 0 0 0 0 0 16 4 8 2 16 4 2 4 4 4 2 512 
0 0 0 0 0 0 0 0 0 0 8 8 8 2 4 8 16 4 8 2 
Case #92: 
0 0 0 0 0 0 0 0 0 0 0 0 0 0 0 0 0 0 0 0 
0 0 0 0 0 0 0 0 0 0 0 0 0 0 0 0 0 0 0 0 
0 0 0 0 0 0 0 0 0 0 0 0 0 0 0 0 0 0 0 0 
0 0 0 0 0 0 0 0 0 0 0 0 0 0 0 0 0 0 0 0 
0 0 0 0 0 0 0 0 0 0 0 0 0 0 0 0 0 0 0 0 
0 0 0 0 0 0 0 0 0 0 0 0 0 0 4 0 0 0 0 512 
2 0 4 512 4 0 0 4 0 0 0 64 0 0 2 0 2 0 0 4 
128 0 2 64 4 0 2 8 128 4 4 4 0 0 4 0 4 8 0 8 
4 0 16 2 4 16 1024 16 4 4 16 2 0 4 2 128 2 2 64 2 
512 0 512 4 4 2 4 512 2 128 4 4 0 2 4 2 8 4 2 4 
4 0 8 1024 2 4 16 2 4 512 1024 8 2 4 8 8 1024 2 4 2 
2 0 2 4 1024 2 256 4 64 4 8 256 16 4 2 64 2 4 8 8 
4 4 512 64 4 4 4 4 2 2 4 512 8 8 8 1024 4 4 2 2 
8 4 4 8 4 2 8 32 4 4 512 4 16 2 8 2 4 4 4 4 
4 4 8 8 4 8 2 8 8 32 2 32 4 4 2 4 32 16 8 2 
1024 32 8 2 512 4 256 2 64 4 4 4 4 4 4 8 4 4 2 4 
4 4 2 4 4 8 2 512 4 8 16 2 64 8 2 4 2 64 4 128 
2 8 16 2 8 4 4 4 8 32 8 4 32 2 512 4 4 2 2 2 
4 8 2 8 256 4 4 8 2 4 8 2 4 8 2 4 2 8 8 4 
2 2 1024 2 128 16 2 512 4 2 2 8 8 2 8 256 4 128 4 512 
Case #93: 
0 0 0 0 0 0 0 4 8 2 256 8 4 32 4 256 8 2 64 2 
0 0 0 0 0 0 0 0 2 8 4 16 2 8 8 2 4 32 4 2 
0 0 0 0 0 0 8 2 4 2 128 2 256 2 4 8 2 4 4 8 
0 0 0 0 0 0 0 0 32 4 8 2 4 8 16 4 8 2 8 4 
0 0 0 0 0 0 0 4 4 4 64 4 4 8 4 8 256 4 32 4 
0 0 0 0 4 4 32 2 1024 8 2 8 64 4 2 1024 512 4 2 4 
0 0 0 0 0 0 0 0 0 2 8 2 8 8 2 64 8 8 8 2 
0 0 0 0 0 0 0 0 0 0 4 2 8 8 2 4 8 2 32 2 
0 0 0 0 0 0 0 2 32 8 32 512 4 4 16 4 8 4 8 2 
0 0 0 0 0 4 2 4 512 4 8 2 4 512 4 2 4 2 4 2 
0 0 0 0 0 0 0 2 8 2 128 4 8 2 4 2 8 2 4 8 
0 0 0 0 0 16 4 1024 4 2 256 4 256 1024 4 4 2 256 64 8 
0 0 0 0 0 0 0 2 4 8 32 2 4 8 2 32 2 4 2 32 
0 0 0 0 0 0 0 4 4 4 2 4 32 8 2 4 4 8 2 4 
0 0 0 0 0 0 0 0 16 1024 4 64 2 128 2 4 128 1024 64 4 
0 0 0 0 0 0 0 0 2 4 2 4 256 16 2 512 2 4 8 8 
0 0 0 0 0 0 0 0 0 4 4 2 4 4 256 64 4 8 16 4 
0 0 0 0 0 0 0 0 4 4 4 4 1024 512 2 4 32 4 16 4 
0 0 0 0 0 0 4 1024 512 1024 4 4 1024 2 512 256 64 2 4 8 
0 0 0 0 0 0 4 4 4 4 32 2 64 2 64 4 4 4 4 4 
Case #94: 
4 4 4 256 8 8 8 2 256 4 8 32 8 4 2 2 8 2 2 4 
2 512 2 4 8 2 4 256 4 2 4 2 4 1024 4 256 4 4 8 4 
8 8 4 4 8 4 1024 2 8 4 2 1024 1024 2 2 32 8 4 4 4 
512 4 2 8 8 32 4 64 8 2 8 4 2 256 4 8 2 8 4 512 
32 4 4 4 4 4 16 4 128 4 8 2 8 4 4 4 4 2 4 4 
4 4 4 4 256 64 4 2 0 2 4 8 1024 4 4 512 4 4 8 4 
4 2 4 2 512 8 16 4 0 4 32 128 4 4 16 4 8 2 1024 4 
4 8 4 4 8 8 2 2 0 512 8 8 4 32 2 2 2 8 64 4 
8 2 4 4 32 32 8 16 0 4 1024 32 0 2 8 4 4 2 8 2 
4 0 0 4 4 4 2 512 0 2 8 1024 0 8 4 8 0 16 4 4 
2 0 0 0 0 8 256 4 0 256 4 8 0 2 4 2 0 2 2 32 
4 0 0 0 0 0 2 64 0 8 32 8 0 4 1024 0 0 8 4 4 
0 0 0 0 0 0 8 2 0 2 0 4 0 4 4 0 0 0 4 2 
0 0 0 0 0 0 2 4 0 4 0 0 0 0 0 0 0 0 2 4 
0 0 0 0 0 0 0 4 0 256 0 0 0 0 0 0 0 0 0 0 
0 0 0 0 0 0 0 0 0 0 0 0 0 0 0 0 0 0 0 0 
0 0 0 0 0 0 0 0 0 0 0 0 0 0 0 0 0 0 0 0 
0 0 0 0 0 0 0 0 0 0 0 0 0 0 0 0 0 0 0 0 
0 0 0 0 0 0 0 0 0 0 0 0 0 0 0 0 0 0 0 0 
0 0 0 0 0 0 0 0 0 0 0 0 0 0 0 0 0 0 0 0 
Case #95: 
0 0 0 0 0 0 0 0 0 0 0 0 0 0 0 0 0 0 0 0 
0 0 0 0 0 0 0 0 0 0 0 0 0 0 0 0 0 0 0 0 
0 0 0 0 0 0 0 0 0 0 0 0 0 0 0 0 0 0 0 0 
0 0 0 0 0 0 0 0 0 0 0 0 0 0 0 0 0 0 0 0 
0 0 4 0 0 0 0 0 0 0 0 0 0 0 0 0 0 0 0 0 
0 0 2 0 0 4 0 0 2 0 0 0 0 0 0 0 0 0 0 0 
0 0 8 0 2 2 2 0 4 0 0 0 0 32 0 0 0 0 0 0 
0 0 512 0 4 8 8 0 8 0 16 8 128 8 0 0 0 32 0 4 
4 2 4 0 8 2 4 0 8 0 4 2 4 4 4 2 0 256 4 8 
4 4 16 0 4 4 4 2 256 0 512 4 4 2 2 4 4 4 4 8 
1024 4 2 0 16 2 8 4 4 4 2 2 256 128 16 4 4 64 4 2 
4 4 8 4 4 4 4 4 2 8 128 4 4 256 2 2 2 256 4 64 
2 8 2 4 4 8 2 4 4 128 4 4 4 2 8 8 4 2 8 1024 
64 4 4 256 8 32 4 2 2 64 128 4 128 4 256 8 1024 4 2 8 
4 4 2 8 256 4 2 8 4 4 2 4 4 512 4 2 4 2 4 2 
8 2 16 4 4 32 16 2 512 4 8 8 2 4 2 8 4 4 16 64 
4 4 4 4 1024 8 2 4 2 8 4 2 8 8 8 16 2 4 4 4 
2 4 4 512 32 4 4 4 4 4 4 16 64 8 4 2 8 32 2 32 
4 4 4 8 64 4 32 4 1024 1024 8 8 2 2 8 4 2 4 4 1024 
8 4 2 8 4 2 4 4 4 512 256 4 8 4 2 4 4 4 2 8 
Case #96: 
0 0 0 0 0 0 0 0 0 0 0 0 0 0 0 0 0 0 0 0 
0 0 0 0 0 0 0 0 0 0 0 0 0 0 0 0 0 0 0 0 
0 0 0 0 0 0 0 0 0 0 0 0 0 0 0 0 0 0 0 0 
0 0 0 0 0 0 0 0 0 0 0 0 0 0 0 0 0 0 0 0 
0 0 0 0 0 0 0 0 0 0 0 0 0 0 0 0 0 0 0 0 
0 0 0 4 0 0 0 0 0 0 0 0 0 0 0 0 0 0 0 0 
0 0 0 1024 0 0 0 1024 0 0 0 0 8 0 0 4 0 0 4 0 
0 4 8 4 0 0 0 4 2 128 0 8 16 0 0 8 0 0 4 0 
0 4 4 2 2 2 0 2 4 1024 0 2 4 128 8 2 0 2 8 0 
0 2 64 1024 128 512 16 8 256 4 256 4 4 2 8 4 1024 4 2 0 
4 8 2 8 4 2 2 256 8 2 16 2 16 512 2 64 2 64 32 0 
4 64 1024 8 64 64 4 2 64 4 2 8 2 2 16 2 64 2 4 0 
8 4 4 256 4 2 4 1024 256 16 4 2 4 8 4 4 2 4 4 4 
4 2 4 16 4 64 4 2 4 4 8 4 4 8 256 2 4 8 4 64 
2 8 4 4 8 2 4 4 2 64 4 128 8 2 2 4 512 8 4 4 
8 8 8 1024 2 4 8 4 8 4 2 2 4 4 4 2 2 2 4 128 
2 512 2 2 8 2 512 32 2 4 8 4 2 2 8 4 4 4 128 4 
8 4 8 8 32 4 8 128 4 8 8 8 8 4 32 2 8 2 2 4 
2 2 4 2 2 256 256 2 2 64 4 2 2 4 8 4 64 4 8 1024 
4 32 8 4 4 4 2 8 8 256 128 4 256 4 4 8 8 1024 2 8 
Case #97: 
0 0 0 0 0 0 0 2 4 2 4 8 2 4 4 512 4 4 256 2 
0 0 0 0 0 0 0 0 0 0 0 2 1024 128 8 4 8 8 8 4 
0 0 0 0 0 0 2 4 2 4 2 4 4 8 8 2 4 2 4 2 
0 0 0 0 0 4 4 2 32 32 4 256 2 4 32 4 8 2 32 4 
0 0 0 0 0 0 0 2 8 2 4 64 4 2 4 32 4 2 4 8 
0 0 0 0 0 0 0 4 2 4 4 4 16 2 1024 4 8 4 64 4 
0 0 0 0 0 0 0 0 8 64 4 2 8 1024 2 4 8 2 4 1024 
0 0 0 0 0 0 0 4 2 4 2 4 4 4 16 4 2 4 4 8 
0 0 0 0 0 0 0 0 4 8 2 128 16 4 4 512 1024 8 8 256 
0 0 0 0 0 0 8 2 16 4 128 2 1024 2 64 128 4 8 2 4 
0 0 0 0 0 0 0 4 8 256 4 4 64 512 2 64 4 32 4 2 
0 0 0 0 0 0 256 4 512 4 2 8 1024 2 8 4 8 1024 2 4 
0 0 0 0 0 0 4 8 8 2 128 8 2 4 4 4 16 4 64 2 
0 0 0 0 0 0 0 0 0 128 8 8 4 4 4 4 4 128 2 32 
0 0 0 0 0 0 0 0 0 4 8 8 64 1024 8 512 2 32 2 4 
0 0 0 0 0 0 0 2 8 2 8 64 4 8 8 2 4 4 2 4 
0 0 0 0 0 0 0 0 4 128 2 512 8 2 4 4 8 2 256 4 
0 0 0 0 0 0 2 8 2 1024 2 32 2 512 2 4 4 512 4 8 
0 0 0 0 0 0 0 0 0 2 4 1024 4 4 4 512 4 4 4 4 
0 0 0 0 0 0 0 0 64 8 1024 8 8 8 2 256 2 8 2 16 
Case #98: 
4 8 256 4 2 2 8 4 8 4 4 4 2 2 8 2 4 32 4 2 
2 8 512 512 4 8 8 2 4 2 2 2 4 4 8 4 1024 8 2 4 
8 8 4 4 16 4 8 8 2 4 4 4 2 4 128 128 8 4 4 2 
2 4 256 2 2 4 8 4 4 4 2 2 8 8 8 256 4 2 4 8 
4 4 2 8 8 16 4 2 256 4 512 16 128 2 4 8 256 8 2 512 
2 4 128 256 4 2 16 4 2 2 8 4 4 4 4 4 2 4 8 16 
4 4 8 8 2 4 8 4 16 8 8 2 2 128 4 2 8 4 8 4 
2 64 256 8 4 4 64 4 1024 1024 4 512 4 2 4 16 4 4 4 2 
4 4 8 2 4 4 4 8 4 4 128 4 4 8 2 2 32 4 4 8 
64 2 16 0 2 4 2 4 2 2 4 32 4 4 128 64 8 0 0 4 
8 0 2 0 4 4 4 2 512 16 4 2 0 2 4 0 2 0 0 1024 
8 0 4 0 256 0 0 0 4 0 8 4 0 4 4 0 8 0 0 4 
8 0 0 0 4 0 0 0 2 0 0 2 0 0 0 0 2 0 0 8 
0 0 0 0 4 0 0 0 4 0 0 64 0 0 0 0 0 0 0 2 
0 0 0 0 0 0 0 0 2 0 0 2 0 0 0 0 0 0 0 4 
0 0 0 0 0 0 0 0 0 0 0 8 0 0 0 0 0 0 0 32 
0 0 0 0 0 0 0 0 0 0 0 2 0 0 0 0 0 0 0 0 
0 0 0 0 0 0 0 0 0 0 0 0 0 0 0 0 0 0 0 0 
0 0 0 0 0 0 0 0 0 0 0 0 0 0 0 0 0 0 0 0 
0 0 0 0 0 0 0 0 0 0 0 0 0 0 0 0 0 0 0 0 
Case #99: 
2 8 2 4 1024 2 4 2 2 2 4 4 2 4 4 1024 2 1024 4 1024 
8 4 8 8 2 4 2 256 8 128 4 4 4 8 512 4 128 4 2 2 
4 8 128 2 4 4 128 2 4 512 4 8 4 2 4 4 4 512 64 4 
16 2 4 4 2 2 8 4 64 256 2 2 2 8 2 4 1024 2 8 16 
64 8 2 2 8 4 4 16 4 32 8 4 4 32 4 8 4 8 16 2 
8 4 8 8 2 4 2 2 4 4 4 4 2 512 4 32 4 32 2 64 
4 4 4 4 4 2 4 4 2 2 32 4 4 32 8 2 4 4 4 2 
32 4 2 2 4 8 128 128 16 8 8 2 2 4 4 4 4 4 512 4 
4 4 4 4 8 2 2 2 4 4 8 512 8 2 2 1024 8 1024 8 128 
2 4 2 2 4 0 256 4 4 2 4 4 2 0 0 4 4 2 8 4 
8 4 8 8 2 0 2 8 4 8 2 2 8 0 0 4 4 128 512 64 
8 4 2 32 0 0 128 128 2 4 0 4 16 0 0 4 0 64 2 8 
4 0 0 0 0 0 4 16 32 4 0 2 1024 0 0 0 0 4 256 8 
0 0 0 0 0 0 4 0 4 8 0 0 0 0 0 0 0 256 2 2 
0 0 0 0 0 0 64 0 0 64 0 0 0 0 0 0 0 4 0 0 
0 0 0 0 0 0 0 0 0 0 0 0 0 0 0 0 0 0 0 0 
0 0 0 0 0 0 0 0 0 0 0 0 0 0 0 0 0 0 0 0 
0 0 0 0 0 0 0 0 0 0 0 0 0 0 0 0 0 0 0 0 
0 0 0 0 0 0 0 0 0 0 0 0 0 0 0 0 0 0 0 0 
0 0 0 0 0 0 0 0 0 0 0 0 0 0 0 0 0 0 0 0 
Case #100: 
2 8 128 1024 4 2 8 8 4 4 64 256 0 0 0 0 0 0 0 0 
128 4 16 4 4 4 2 64 8 4 2 4 2 0 0 0 0 0 0 0 
512 4 4 4 4 8 4 4 2 4 0 0 0 0 0 0 0 0 0 0 
32 8 4 4 1024 2 4 4 2 8 0 0 0 0 0 0 0 0 0 0 
1024 4 4 4 2 8 2 8 8 8 0 0 0 0 0 0 0 0 0 0 
4 4 4 256 2 4 512 2 8 4 4 512 2 0 0 0 0 0 0 0 
8 8 4 4 2 8 4 2 4 2 32 4 2 0 0 0 0 0 0 0 
2 8 2 8 4 1024 16 2 1024 32 64 128 2 4 0 0 0 0 0 0 
4 2 8 2 8 2 64 4 2 8 4 2 0 0 0 0 0 0 0 0 
8 4 2 4 1024 128 4 8 4 2 256 2 0 0 0 0 0 0 0 0 
2 8 8 8 4 2 64 4 2 8 8 0 0 0 0 0 0 0 0 0 
8 8 4 512 4 8 4 2 8 4 64 8 0 0 0 0 0 0 0 0 
4 4 4 4 4 8 4 4 8 8 0 0 0 0 0 0 0 0 0 0 
4 2 4 256 4 32 8 512 4 4 2 0 0 0 0 0 0 0 0 0 
4 2 8 4 2 8 4 4 4 8 0 0 0 0 0 0 0 0 0 0 
2 4 2 4 4 128 4 4 2 4 16 8 8 0 0 0 0 0 0 0 
4 2 8 4 4 2 256 4 2 8 4 8 4 64 4 0 0 0 0 0 
256 2 4 2 16 4 512 4 4 2 8 4 128 0 0 0 0 0 0 0 
2 8 4 8 2 256 32 8 4 2 4 2 4 0 0 0 0 0 0 0 
4 2 8 4 2 4 2 8 1024 8 4 1024 8 4 4 128 0 0 0 0 
