Case #1: 
0 0 2 4 
0 0 4 8 
0 2 16 32 
0 0 4 16 
Case #2: 
0 2 2 4 
0 0 4 8 
0 0 16 32 
0 0 4 16 
Case #3: 
0 0 0 0 
0 0 0 0 
0 0 0 0 
0 0 0 0 
Case #4: 
0 0 0 0 
0 0 0 0 
4 4 4 4 
4 4 4 4 
Case #5: 
4 4 0 0 
4 4 0 0 
4 4 0 0 
4 4 0 0 
Case #6: 
0 0 4 4 
0 0 4 4 
0 0 4 4 
0 0 4 4 
Case #7: 
4 4 4 4 
4 4 4 4 
0 0 0 0 
0 0 0 0 
Case #8: 
4 8 0 0 
4 8 0 0 
4 8 0 0 
4 8 0 0 
Case #9: 
0 0 0 0 
0 0 0 0 
2048 2048 2048 2048 
2048 2048 2048 2048 
Case #10: 
2048 2048 0 0 
2048 2048 0 0 
2048 2048 0 0 
2048 2048 0 0 
Case #11: 
0 0 2048 2048 
0 0 2048 2048 
0 0 2048 2048 
0 0 2048 2048 
Case #12: 
2048 2048 2048 2048 
2048 2048 2048 2048 
0 0 0 0 
0 0 0 0 
Case #13: 
2 1024 0 0 
2 0 0 0 
4 0 0 0 
0 0 0 0 
Case #14: 
4 0 0 0 
1024 0 0 0 
2 0 0 0 
2 0 0 0 
Case #15: 
0 0 0 0 
0 0 0 0 
4 4 0 0 
4 256 0 4 
Case #16: 
2 0 0 0 
0 0 0 0 
2 128 2 0 
8 0 0 0 
Case #17: 
32 4 1024 0 
2 256 0 0 
64 128 64 2 
128 1024 4 16 
Case #18: 
2 128 1024 4 
8 0 0 0 
1024 16 64 0 
2 4 64 4 
Case #19: 
4 2 4 32 
128 512 4 2 
2 0 0 0 
32 0 0 0 
Case #20: 
16 4 4 8 
2 2 512 0 
512 0 2 0 
2 0 0 0 
