
2
3
5
7

3
5

101
103

101
103
107
109
113
127
131
137
139
149
151
157
163
167
173
179
181
191
193
197
199

7
11
13
17
19

19

13

2
3
5
7
11
13
17
19

2
3
5
7
11
13
17
19

17
19
23
29
31

2
3

2
3
5
7
11
13
17
19
23
29
31
37
41
43
47
53
59
61
67
71
73
79
83
89
97

10007
10009
10037
10039
10061
10067
10069
10079
10091
10093
10099
10103
10111
10133
10139
10141
10151
10159
10163
10169
10177
10181
10193
10211
10223
10243
10247
10253
10259
10267
10271
10273
10289
10301
10303
10313
10321
10331
10333
10337
10343
10357
10369
10391
10399
10427
10429
10433
10453
10457
10459
10463
10477
10487
10499
10501
10513
10529
10531
10559
10567
10589
10597
10601
10607
10613
10627
10631
10639
10651
10657
10663
10667
10687
10691
10709
10711
10723
10729
10733
10739
10753
10771
10781
10789
10799
10831
10837
10847
10853
10859
10861
10867
10883
10889
10891
10903
10909
10937
10939
10949
10957
10973
10979
10987
10993

